# BEGIN PHI DATASET
#BLOCK HEADER time:0
#x	y	phi	id	pressure

0.05	0.05	-0.0707107	0	0
0.15	0.05	-0.158114	0	0
0.25	0.05	-0.254951	0	0
0.35	0.05	-0.353553	0	0
0.45	0.05	-0.452769	0	0
0.55	0.05	-0.549266	0	0
0.65	0.05	-0.416853	0	0
0.75	0.05	-0.488229	0	0
0.85	0.05	-0.394616	0	0
0.95	0.05	-0.515613	0	0
1.05	0.05	-0.522075	0	0
1.15	0.05	-0.463064	0	0
1.25	0.05	-0.438431	0	0
1.35	0.05	-0.494949	0	0
1.45	0.05	-0.403251	0	0
1.55	0.05	-0.418007	0	0
1.65	0.05	-0.549345	0	0
1.75	0.05	-0.462051	0	0
1.85	0.05	-0.499629	0	0
1.95	0.05	-0.470249	0	0
2.05	0.05	-0.452769	0	0
2.15	0.05	-0.353553	0	0
2.25	0.05	-0.254951	0	0
2.35	0.05	-0.158114	0	0
2.45	0.05	-0.0707106	0	0
0.05	0.15	-0.158114	0	0
0.15	0.15	-0.213224	0	159.207
0.25	0.15	-0.300412	0	159.214
0.35	0.15	-0.392522	0	159.227
0.45	0.15	-0.453241	0	159.245
0.55	0.15	-0.444286	0	159.268
0.65	0.15	-0.4734	0	159.295
0.75	0.15	-0.454283	0	159.324
0.85	0.15	-0.529723	0	159.353
0.95	0.15	-0.512093	0	159.379
1.05	0.15	-0.463047	0	159.4
1.15	0.15	-0.450629	0	159.413
1.25	0.15	-0.460287	0	159.419
1.35	0.15	-0.465528	0	159.415
1.45	0.15	-0.372367	0	159.402
1.55	0.15	-0.43435	0	159.383
1.65	0.15	-0.464809	0	159.36
1.75	0.15	-0.47533	0	159.334
1.85	0.15	-0.39707	0	159.308
1.95	0.15	-0.440552	0	159.283
2.05	0.15	-0.438693	0	159.262
2.15	0.15	-0.388543	0	159.245
2.25	0.15	-0.29927	0	159.234
2.35	0.15	-0.213089	0	159.228
2.45	0.15	-0.158114	0	0
0.05	0.25	-0.254951	0	0
0.15	0.25	-0.285256	0	158.515
0.25	0.25	-0.355659	0	158.522
0.35	0.25	-0.425203	0	158.535
0.45	0.25	-0.414738	0	158.554
0.55	0.25	-0.348902	0	158.579
0.65	0.25	-0.386532	0	158.608
0.75	0.25	-0.425673	0	158.639
0.85	0.25	-0.386344	0	158.67
0.95	0.25	-0.452192	0	158.698
1.05	0.25	-0.353634	0	158.721
1.15	0.25	-0.341275	0	158.736
1.25	0.25	-0.399468	0	158.742
1.35	0.25	-0.311225	0	158.737
1.45	0.25	-0.334171	0	158.723
1.55	0.25	-0.397038	0	158.702
1.65	0.25	-0.370117	0	158.676
1.75	0.25	-0.364767	0	158.648
1.85	0.25	-0.415029	0	158.62
1.95	0.25	-0.37212	0	158.594
2.05	0.25	-0.391065	0	158.572
2.15	0.25	-0.413543	0	158.554
2.25	0.25	-0.354449	0	158.542
2.35	0.25	-0.285889	0	158.536
2.45	0.25	-0.254951	0	0
0.05	0.35	-0.298077	0	0
0.15	0.35	-0.364906	0	157.816
0.25	0.35	-0.39027	0	157.823
0.35	0.35	-0.323811	0	157.837
0.45	0.35	-0.331727	0	157.858
0.55	0.35	-0.340634	0	157.885
0.65	0.35	-0.411978	0	157.917
0.75	0.35	-0.339294	0	157.953
0.85	0.35	-0.367933	0	157.989
0.95	0.35	-0.397492	0	158.023
1.05	0.35	-0.315481	0	158.051
1.15	0.35	-0.39037	0	158.069
1.25	0.35	-0.333138	0	158.075
1.35	0.35	-0.298083	0	158.069
1.45	0.35	-0.2993	0	158.052
1.55	0.35	-0.346521	0	158.026
1.65	0.35	-0.318085	0	157.995
1.75	0.35	-0.284357	0	157.962
1.85	0.35	-0.383655	0	157.93
1.95	0.35	-0.372238	0	157.901
2.05	0.35	-0.348093	0	157.877
2.15	0.35	-0.353303	0	157.858
2.25	0.35	-0.392017	0	157.845
2.35	0.35	-0.366397	0	157.838
2.45	0.35	-0.353553	0	0
0.05	0.45	-0.287996	0	0
0.15	0.45	-0.335183	0	157.11
0.25	0.45	-0.317301	0	157.118
0.35	0.45	-0.350094	0	157.133
0.45	0.45	-0.354074	0	157.156
0.55	0.45	-0.255234	0	157.186
0.65	0.45	-0.271707	0	157.224
0.75	0.45	-0.320145	0	157.266
0.85	0.45	-0.353695	0	157.311
0.95	0.45	-0.349067	0	157.354
1.05	0.45	-0.303172	0	157.389
1.15	0.45	-0.324037	0	157.413
1.25	0.45	-0.368663	0	157.42
1.35	0.45	-0.296719	0	157.412
1.45	0.45	-0.253366	0	157.389
1.55	0.45	-0.317848	0	157.355
1.65	0.45	-0.297185	0	157.316
1.75	0.45	-0.363153	0	157.276
1.85	0.45	-0.301951	0	157.238
1.95	0.45	-0.353386	0	157.204
2.05	0.45	-0.389966	0	157.176
2.15	0.45	-0.322762	0	157.155
2.25	0.45	-0.374031	0	157.141
2.35	0.45	-0.395961	0	157.134
2.45	0.45	-0.230673	0	0
0.05	0.55	-0.276873	0	0
0.15	0.55	-0.349333	0	156.396
0.25	0.55	-0.321762	0	156.405
0.35	0.55	-0.322058	0	156.421
0.45	0.55	-0.331363	0	156.447
0.55	0.55	-0.339761	0	156.481
0.65	0.55	-0.317135	0	156.525
0.75	0.55	-0.280414	0	156.578
0.85	0.55	-0.281526	0	156.636
0.95	0.55	-0.264745	0	156.693
1.05	0.55	-0.253447	0	156.74
1.15	0.55	-0.238849	0	156.773
1.25	0.55	-0.223277	0	156.782
1.35	0.55	-0.192861	0	156.768
1.45	0.55	-0.19676	0	156.736
1.55	0.55	-0.252346	0	156.689
1.65	0.55	-0.303999	0	156.638
1.75	0.55	-0.293841	0	156.587
1.85	0.55	-0.308215	0	156.54
1.95	0.55	-0.326318	0	156.501
2.05	0.55	-0.289282	0	156.469
2.15	0.55	-0.301708	0	156.445
2.25	0.55	-0.258504	0	156.43
2.35	0.55	-0.329047	0	156.422
2.45	0.55	-0.318639	0	0
0.05	0.65	-0.207305	0	0
0.15	0.65	-0.298371	0	155.675
0.25	0.65	-0.242809	0	155.683
0.35	0.65	-0.289188	0	155.701
0.45	0.65	-0.282875	0	155.728
0.55	0.65	-0.291548	0	155.766
0.65	0.65	-0.236635	0	155.818
0.75	0.65	-0.222903	0	155.883
0.85	0.65	-0.186595	0	155.961
0.95	0.65	-0.133826	0	156.041
1.05	0.65	-0.116001	0	156.105
1.15	0.65	-0.0862174	0	156.157
1.25	0.65	-0.0711379	0	156.168
1.35	0.65	-0.0677234	0	156.143
1.45	0.65	-0.104961	0	156.1
1.55	0.65	-0.136557	0	156.026
1.65	0.65	-0.167961	0	155.96
1.75	0.65	-0.183217	0	155.894
1.85	0.65	-0.218286	0	155.837
1.95	0.65	-0.251395	0	155.789
2.05	0.65	-0.237822	0	155.753
2.15	0.65	-0.211773	0	155.728
2.25	0.65	-0.217586	0	155.712
2.35	0.65	-0.317266	0	155.704
2.45	0.65	-0.148006	0	0
0.05	0.75	-0.297826	0	0
0.15	0.75	-0.273841	0	154.945
0.25	0.75	-0.207617	0	154.953
0.35	0.75	-0.267099	0	154.97
0.45	0.75	-0.250009	0	154.997
0.55	0.75	-0.21746	0	155.038
0.65	0.75	-0.205316	0	155.096
0.75	0.75	-0.149939	0	155.177
0.85	0.75	-0.0960983	0	155.285
0.95	0.75	-0.0677584	0	155.404
1.05	0.75	-0.0625331	0	155.481
1.15	0.75	-0.0190566	0	155.583
1.25	0.75	-0.0238628	0	155.589
1.35	0.75	-0.0403613	0	155.536
1.45	0.75	-0.0351331	0	155.495
1.55	0.75	-0.0518011	0	155.355
1.65	0.75	-0.0708184	0	155.28
1.75	0.75	-0.165377	0	155.194
1.85	0.75	-0.219556	0	155.122
1.95	0.75	-0.248918	0	155.067
2.05	0.75	-0.21029	0	155.028
2.15	0.75	-0.199959	0	155.001
2.25	0.75	-0.173403	0	154.985
2.35	0.75	-0.294852	0	154.977
2.45	0.75	-0.218069	0	0
0.05	0.85	-0.25965	0	0
0.15	0.85	-0.182746	0	154.207
0.25	0.85	-0.173964	0	154.215
0.35	0.85	-0.226087	0	154.229
0.45	0.85	-0.210235	0	154.254
0.55	0.85	-0.180922	0	154.292
0.65	0.85	-0.159012	0	154.352
0.75	0.85	-0.0934359	0	154.445
0.85	0.85	-0.0396767	0	154.596
1.05	0.85	-0.0018338	0	154.833
1.55	0.85	-0.011782	0	154.621
1.65	0.85	-0.0094207	0	154.612
1.75	0.85	-0.0770549	0	154.48
1.85	0.85	-0.160043	0	154.39
1.95	0.85	-0.199286	0	154.329
2.05	0.85	-0.168839	0	154.289
2.15	0.85	-0.196529	0	154.264
2.25	0.85	-0.172356	0	154.25
2.35	0.85	-0.195995	0	154.243
2.45	0.85	-0.0976271	0	0
0.05	0.95	-0.0393289	0	0
0.15	0.95	-0.142642	0	153.462
0.25	0.95	-0.177463	0	153.468
0.35	0.95	-0.190542	0	153.48
0.45	0.95	-0.16333	0	153.495
0.55	0.95	-0.146667	0	153.524
0.65	0.95	-0.117908	0	153.574
0.75	0.95	-0.0492214	0	153.654
1.55	0.95	-0.00780441	0	153.829
1.75	0.95	-0.021172	0	153.724
1.85	0.95	-0.0908234	0	153.631
1.95	0.95	-0.139067	0	153.57
2.05	0.95	-0.149222	0	153.535
2.15	0.95	-0.149328	0	153.516
2.25	0.95	-0.157324	0	153.507
2.35	0.95	-0.160762	0	153.503
2.45	0.95	-0.164357	0	0
0.05	1.05	-0.152692	0	0
0.15	1.05	-0.118379	0	152.711
0.25	1.05	-0.143074	0	152.717
0.35	1.05	-0.108183	0	152.726
0.45	1.05	-0.137474	0	152.724
0.55	1.05	-0.116972	0	152.736
0.65	1.05	-0.0938558	0	152.766
0.75	1.05	-0.0205551	0	152.808
1.55	1.05	-0.00278153	0	153.049
1.85	1.05	-0.0515979	0	152.839
1.95	1.05	-0.101587	0	152.785
2.05	1.05	-0.134869	0	152.764
2.15	1.05	-0.112255	0	152.758
2.25	1.05	-0.123335	0	152.757
2.35	1.05	-0.158245	0	152.76
2.45	1.05	-0.0287911	0	0
0.05	1.15	-0.0668532	0	0
0.15	1.15	-0.0950391	0	151.955
0.25	1.15	-0.0936141	0	151.961
0.45	1.15	-0.114745	0	151.939
0.55	1.15	-0.0909328	0	151.932
0.65	1.15	-0.0832692	0	151.945
0.75	1.15	-0.0248407	0	151.988
1.85	1.15	-6.22601e-05	0	151.959
1.95	1.15	-0.068365	0	151.967
2.05	1.15	-0.113815	0	151.978
2.15	1.15	-0.080021	0	151.996
2.25	1.15	-0.0882188	0	152.005
2.35	1.15	-0.105017	0	152.02
2.45	1.15	-0.0696702	0	0
0.05	1.25	-0.0452102	0	0
0.15	1.25	-0.0766662	0	151.191
0.25	1.25	-0.0619454	0	151.197
0.35	1.25	-0.00167527	0	151.133
0.45	1.25	-0.106295	0	151.123
0.55	1.25	-0.0599441	0	151.105
0.65	1.25	-0.0415038	0	151.096
1.85	1.25	-0.024442	0	151.091
1.95	1.25	-0.0524162	0	151.146
2.05	1.25	-0.0698165	0	151.186
2.15	1.25	-0.0208078	0	151.243
2.25	1.25	-0.0506298	0	151.245
2.35	1.25	-0.00745302	0	151.295
0.15	1.35	-0.0417089	0	150.423
0.35	1.35	-0.00803569	0	150.389
0.45	1.35	-0.0851391	0	150.315
0.55	1.35	-0.0489935	0	150.271
0.65	1.35	-0.0135432	0	150.225
1.95	1.35	-0.0182115	0	150.34
2.05	1.35	-0.0229678	0	150.376
2.25	1.35	-0.00426553	0	150.437
2.45	1.35	-0.0094591	0	0
0.45	1.45	-0.0130547	0	149.477
0.55	1.45	-0.00489326	0	149.437
0.35	1.15	-0.0018147	1	151.977
1.65	1.25	-0.0035326	1	150.849
1.75	1.25	-0.00739583	1	150.954
2.45	1.25	-0.0708192	1	0
0.05	1.35	-0.13356	1	0
0.25	1.35	-0.0251682	1	150.415
0.85	1.35	-0.0117667	1	149.879
0.95	1.35	-0.0021869	1	149.762
1.55	1.35	-0.00152957	1	149.777
1.65	1.35	-0.0228912	1	149.913
1.75	1.35	-0.0186999	1	150.054
1.85	1.35	-0.00260867	1	150.261
2.15	1.35	-0.0200092	1	150.398
2.35	1.35	-0.0271069	1	150.395
0.05	1.45	-0.118572	1	0
0.15	1.45	-0.0497327	1	149.483
0.25	1.45	-0.0699811	1	149.44
0.35	1.45	-0.0579901	1	149.44
0.65	1.45	-0.0221395	1	149.29
0.75	1.45	-0.0414958	1	149.108
0.85	1.45	-0.0462901	1	148.969
0.95	1.45	-0.0310448	1	148.853
1.05	1.45	-0.0159631	1	148.74
1.15	1.45	-0.00866235	1	148.687
1.35	1.45	-0.00679638	1	148.692
1.45	1.45	-0.0146717	1	148.745
1.55	1.45	-0.0375941	1	148.857
1.65	1.45	-0.0536993	1	148.97
1.75	1.45	-0.0677857	1	149.089
1.85	1.45	-0.0722586	1	149.221
1.95	1.45	-0.0503136	1	149.33
2.05	1.45	-0.029758	1	149.393
2.15	1.45	-0.0205174	1	149.387
2.25	1.45	-0.0325678	1	149.404
2.35	1.45	-0.024615	1	149.388
2.45	1.45	-0.0196124	1	0
0.05	1.55	-0.0376009	1	0
0.15	1.55	-0.0966166	1	148.438
0.25	1.55	-0.0749633	1	148.423
0.35	1.55	-0.111566	1	148.416
0.45	1.55	-0.105026	1	148.414
0.55	1.55	-0.0807787	1	148.363
0.65	1.55	-0.0842399	1	148.261
0.75	1.55	-0.0879862	1	148.143
0.85	1.55	-0.0809781	1	148.035
0.95	1.55	-0.0617306	1	147.942
1.05	1.55	-0.0593618	1	147.864
1.15	1.55	-0.039352	1	147.815
1.25	1.55	-0.0305098	1	147.789
1.35	1.55	-0.0336514	1	147.815
1.45	1.55	-0.0291455	1	147.862
1.55	1.55	-0.072236	1	147.936
1.65	1.55	-0.0733831	1	148.021
1.75	1.55	-0.0689084	1	148.112
1.85	1.55	-0.090976	1	148.203
1.95	1.55	-0.117649	1	148.28
2.05	1.55	-0.119124	1	148.331
2.15	1.55	-0.107257	1	148.352
2.25	1.55	-0.111649	1	148.365
2.35	1.55	-0.0707157	1	148.366
2.45	1.55	-0.192906	1	0
0.05	1.65	-0.0991198	1	0
0.15	1.65	-0.148801	1	147.407
0.25	1.65	-0.128622	1	147.398
0.35	1.65	-0.14864	1	147.385
0.45	1.65	-0.149443	1	147.364
0.55	1.65	-0.139122	1	147.319
0.65	1.65	-0.172124	1	147.249
0.75	1.65	-0.200922	1	147.166
0.85	1.65	-0.153075	1	147.086
0.95	1.65	-0.110384	1	147.015
1.05	1.65	-0.110106	1	146.958
1.15	1.65	-0.0854461	1	146.92
1.25	1.65	-0.0631697	1	146.905
1.35	1.65	-0.0634285	1	146.918
1.45	1.65	-0.0814593	1	146.951
1.55	1.65	-0.124152	1	147.003
1.65	1.65	-0.139821	1	147.066
1.75	1.65	-0.171794	1	147.134
1.85	1.65	-0.186676	1	147.2
1.95	1.65	-0.162338	1	147.257
2.05	1.65	-0.130709	1	147.299
2.15	1.65	-0.140613	1	147.325
2.25	1.65	-0.183671	1	147.339
2.35	1.65	-0.0737138	1	147.345
2.45	1.65	-0.109287	1	0
0.05	1.75	-0.221147	1	0
0.15	1.75	-0.178509	1	146.386
0.25	1.75	-0.220066	1	146.378
0.35	1.75	-0.166031	1	146.363
0.45	1.75	-0.181313	1	146.339
0.55	1.75	-0.158118	1	146.3
0.65	1.75	-0.13859	1	146.248
0.75	1.75	-0.160844	1	146.188
0.85	1.75	-0.168587	1	146.129
0.95	1.75	-0.162153	1	146.075
1.05	1.75	-0.176105	1	146.032
1.15	1.75	-0.134418	1	146.003
1.25	1.75	-0.0985195	1	145.992
1.35	1.75	-0.0984039	1	145.999
1.45	1.75	-0.128214	1	146.023
1.55	1.75	-0.17914	1	146.06
1.65	1.75	-0.206614	1	146.106
1.75	1.75	-0.247428	1	146.156
1.85	1.75	-0.225336	1	146.206
1.95	1.75	-0.235176	1	146.25
2.05	1.75	-0.163244	1	146.284
2.15	1.75	-0.156647	1	146.308
2.25	1.75	-0.241454	1	146.322
2.35	1.75	-0.11079	1	146.329
2.45	1.75	-0.224188	1	0
0.05	1.85	-0.193899	1	0
0.15	1.85	-0.259158	1	145.372
0.25	1.85	-0.222434	1	145.365
0.35	1.85	-0.18843	1	145.35
0.45	1.85	-0.259345	1	145.327
0.55	1.85	-0.199117	1	145.295
0.65	1.85	-0.231103	1	145.255
0.75	1.85	-0.205233	1	145.21
0.85	1.85	-0.211375	1	145.165
0.95	1.85	-0.266783	1	145.124
1.05	1.85	-0.258189	1	145.091
1.15	1.85	-0.173848	1	145.069
1.25	1.85	-0.151545	1	145.06
1.35	1.85	-0.17894	1	145.065
1.45	1.85	-0.23492	1	145.081
1.55	1.85	-0.232804	1	145.108
1.65	1.85	-0.21274	1	145.142
1.75	1.85	-0.255521	1	145.18
1.85	1.85	-0.216022	1	145.217
1.95	1.85	-0.174177	1	145.251
2.05	1.85	-0.190537	1	145.279
2.15	1.85	-0.17545	1	145.3
2.25	1.85	-0.201623	1	145.313
2.35	1.85	-0.222701	1	145.32
2.45	1.85	-0.267456	1	0
0.05	1.95	-0.378669	1	0
0.15	1.95	-0.249893	1	144.365
0.25	1.95	-0.214206	1	144.358
0.35	1.95	-0.209226	1	144.345
0.45	1.95	-0.318821	1	144.325
0.55	1.95	-0.325136	1	144.299
0.65	1.95	-0.241039	1	144.267
0.75	1.95	-0.2894	1	144.232
0.85	1.95	-0.243587	1	144.197
0.95	1.95	-0.26971	1	144.165
1.05	1.95	-0.23543	1	144.14
1.15	1.95	-0.247547	1	144.122
1.25	1.95	-0.216141	1	144.115
1.35	1.95	-0.280987	1	144.117
1.45	1.95	-0.296123	1	144.129
1.55	1.95	-0.254109	1	144.149
1.65	1.95	-0.328317	1	144.175
1.75	1.95	-0.257711	1	144.203
1.85	1.95	-0.330169	1	144.232
1.95	1.95	-0.305105	1	144.259
2.05	1.95	-0.336144	1	144.282
2.15	1.95	-0.302694	1	144.299
2.25	1.95	-0.261587	1	144.311
2.35	1.95	-0.25779	1	144.317
2.45	1.95	-0.33694	1	0
0.05	2.05	-0.271541	1	0
0.15	2.05	-0.281469	1	143.365
0.25	2.05	-0.305317	1	143.359
0.35	2.05	-0.315016	1	143.347
0.45	2.05	-0.31146	1	143.33
0.55	2.05	-0.29005	1	143.308
0.65	2.05	-0.362324	1	143.281
0.75	2.05	-0.334865	1	143.253
0.85	2.05	-0.329847	1	143.226
0.95	2.05	-0.317463	1	143.2
1.05	2.05	-0.318594	1	143.18
1.15	2.05	-0.376744	1	143.166
1.25	2.05	-0.278021	1	143.16
1.35	2.05	-0.364954	1	143.161
1.45	2.05	-0.343523	1	143.17
1.55	2.05	-0.329155	1	143.185
1.65	2.05	-0.278897	1	143.204
1.75	2.05	-0.374931	1	143.226
1.85	2.05	-0.385781	1	143.249
1.95	2.05	-0.328345	1	143.271
2.05	2.05	-0.385244	1	143.29
2.15	2.05	-0.283716	1	143.304
2.25	2.05	-0.253223	1	143.314
2.35	2.05	-0.366581	1	143.32
2.45	2.05	-0.331674	1	0
0.05	2.15	-0.353553	1	0
0.15	2.15	-0.30609	1	142.37
0.25	2.15	-0.336591	1	142.365
0.35	2.15	-0.302564	1	142.354
0.45	2.15	-0.361627	1	142.339
0.55	2.15	-0.420965	1	142.32
0.65	2.15	-0.335167	1	142.298
0.75	2.15	-0.301348	1	142.275
0.85	2.15	-0.396621	1	142.252
0.95	2.15	-0.336213	1	142.231
1.05	2.15	-0.352745	1	142.214
1.15	2.15	-0.302378	1	142.202
1.25	2.15	-0.38268	1	142.196
1.35	2.15	-0.296179	1	142.197
1.45	2.15	-0.427841	1	142.204
1.55	2.15	-0.406283	1	142.215
1.65	2.15	-0.378144	1	142.231
1.75	2.15	-0.379579	1	142.249
1.85	2.15	-0.348458	1	142.268
1.95	2.15	-0.331324	1	142.286
2.05	2.15	-0.42231	1	142.302
2.15	2.15	-0.378105	1	142.314
2.25	2.15	-0.299047	1	142.323
2.35	2.15	-0.379882	1	142.327
2.45	2.15	-0.353553	1	0
0.05	2.25	-0.254951	1	0
0.15	2.25	-0.291796	1	141.381
0.25	2.25	-0.347231	1	141.376
0.35	2.25	-0.410158	1	141.366
0.45	2.25	-0.413239	1	141.353
0.55	2.25	-0.424245	1	141.336
0.65	2.25	-0.451831	1	141.316
0.75	2.25	-0.454439	1	141.296
0.85	2.25	-0.450527	1	141.276
0.95	2.25	-0.376632	1	141.257
1.05	2.25	-0.356854	1	141.243
1.15	2.25	-0.334346	1	141.232
1.25	2.25	-0.450385	1	141.227
1.35	2.25	-0.393943	1	141.227
1.45	2.25	-0.424488	1	141.232
1.55	2.25	-0.348634	1	141.242
1.65	2.25	-0.433381	1	141.255
1.75	2.25	-0.371908	1	141.271
1.85	2.25	-0.38993	1	141.287
1.95	2.25	-0.431359	1	141.303
2.05	2.25	-0.365338	1	141.317
2.15	2.25	-0.419647	1	141.328
2.25	2.25	-0.346246	1	141.336
2.35	2.25	-0.296599	1	141.34
2.45	2.25	-0.254951	1	0
0.05	2.35	-0.158114	1	0
0.15	2.35	-0.212869	1	140.396
0.25	2.35	-0.286556	1	140.392
0.35	2.35	-0.369751	1	140.383
0.45	2.35	-0.456457	1	140.37
0.55	2.35	-0.374667	1	140.354
0.65	2.35	-0.360442	1	140.336
0.75	2.35	-0.452672	1	140.316
0.85	2.35	-0.491532	1	140.298
0.95	2.35	-0.408926	1	140.281
1.05	2.35	-0.446026	1	140.267
1.15	2.35	-0.417729	1	140.257
1.25	2.35	-0.374656	1	140.252
1.35	2.35	-0.490487	1	140.252
1.45	2.35	-0.520872	1	140.257
1.55	2.35	-0.495797	1	140.266
1.65	2.35	-0.495636	1	140.278
1.75	2.35	-0.366436	1	140.292
1.85	2.35	-0.447048	1	140.307
1.95	2.35	-0.452673	1	140.321
2.05	2.35	-0.460244	1	140.334
2.15	2.35	-0.372467	1	140.345
2.25	2.35	-0.287702	1	140.352
2.35	2.35	-0.212742	1	140.356
2.45	2.35	-0.158114	1	0
0.05	2.45	-0.0707106	1	0
0.15	2.45	-0.158114	1	0
0.25	2.45	-0.254951	1	0
0.35	2.45	-0.353553	1	0
0.45	2.45	-0.399695	1	0
0.55	2.45	-0.485199	1	0
0.65	2.45	-0.435681	1	0
0.75	2.45	-0.38066	1	0
0.85	2.45	-0.474435	1	0
0.95	2.45	-0.488801	1	0
1.05	2.45	-0.514941	1	0
1.15	2.45	-0.401877	1	0
1.25	2.45	-0.434458	1	0
1.35	2.45	-0.5107	1	0
1.45	2.45	-0.435025	1	0
1.55	2.45	-0.405216	1	0
1.65	2.45	-0.572653	1	0
1.75	2.45	-0.392901	1	0
1.85	2.45	-0.50206	1	0
1.95	2.45	-0.396582	1	0
2.05	2.45	-0.412696	1	0
2.15	2.45	-0.353553	1	0
2.25	2.45	-0.254951	1	0
2.35	2.45	-0.158114	1	0
2.45	2.45	-0.0707106	1	0
0.95	0.85	-0.00949247	2	154.748
1.15	0.85	-0.0841689	2	154.769
1.25	0.85	-0.0402567	2	154.789
1.35	0.85	-0.00759603	2	154.831
1.45	0.85	-0.0500826	2	154.733
0.85	0.95	-0.0102904	2	153.809
0.95	0.95	-0.0469616	2	153.797
1.05	0.95	-0.0293306	2	153.815
1.15	0.95	-0.12907	2	153.796
1.25	0.95	-0.0616259	2	153.802
1.35	0.95	-0.0410404	2	153.82
1.45	0.95	-0.095463	2	153.818
1.65	0.95	-0.0104465	2	153.821
0.85	1.05	-0.023721	2	152.83
0.95	1.05	-0.0503152	2	152.815
1.05	1.05	-0.0553369	2	152.806
1.15	1.05	-0.135381	2	152.797
1.25	1.05	-0.0685613	2	152.804
1.35	1.05	-0.0639833	2	152.83
1.45	1.05	-0.1011	2	152.887
1.65	1.05	-0.0144496	2	152.938
1.75	1.05	-7.23771e-05	2	152.982
0.85	1.15	-0.0154951	2	151.894
0.95	1.15	-0.0371978	2	151.828
1.05	1.15	-0.0704407	2	151.797
1.15	1.15	-0.111315	2	151.783
1.25	1.15	-0.0659523	2	151.787
1.35	1.15	-0.0596352	2	151.808
1.45	1.15	-0.111584	2	151.851
1.55	1.15	-0.0471977	2	151.913
1.65	1.15	-0.0117782	2	151.89
1.75	1.15	-0.0091943	2	151.919
0.75	1.25	-0.00994048	2	151.109
0.85	1.25	-0.0134737	2	150.892
0.95	1.25	-0.0221861	2	150.807
1.05	1.25	-0.06628	2	150.769
1.15	1.25	-0.0630629	2	150.75
1.25	1.25	-0.0550561	2	150.752
1.35	1.25	-0.0363286	2	150.765
1.45	1.25	-0.0831284	2	150.795
1.55	1.25	-0.0398617	2	150.831
0.75	1.35	-0.000980361	2	150.038
1.05	1.35	-0.0339716	2	149.723
1.15	1.35	-0.0202058	2	149.698
1.25	1.35	-0.0366432	2	149.705
1.35	1.35	-0.0134322	2	149.703
1.45	1.35	-0.0297625	2	149.735
1.25	1.45	-0.00715609	2	148.669
#BLOCK HEADER time:0.5
#x	y	phi	id	pressure

0.05	0.05	-0.0707107	0	0
0.15	0.05	-0.158114	0	0
0.25	0.05	-0.254951	0	0
0.35	0.05	-0.353553	0	0
0.45	0.05	-0.452769	0	0
0.55	0.05	-0.549266	0	0
0.65	0.05	-0.416853	0	0
0.75	0.05	-0.488229	0	0
0.85	0.05	-0.394616	0	0
0.95	0.05	-0.515613	0	0
1.05	0.05	-0.522075	0	0
1.15	0.05	-0.463064	0	0
1.25	0.05	-0.438431	0	0
1.35	0.05	-0.494949	0	0
1.45	0.05	-0.403251	0	0
1.55	0.05	-0.418007	0	0
1.65	0.05	-0.549345	0	0
1.75	0.05	-0.462051	0	0
1.85	0.05	-0.499629	0	0
1.95	0.05	-0.470249	0	0
2.05	0.05	-0.452769	0	0
2.15	0.05	-0.353553	0	0
2.25	0.05	-0.254951	0	0
2.35	0.05	-0.158114	0	0
2.45	0.05	-0.0707106	0	0
0.05	0.15	-0.158114	0	0
0.15	0.15	-0.220999	0	-109.519
0.25	0.15	-0.335897	0	-109.505
0.35	0.15	-0.422519	0	-109.479
0.45	0.15	-0.457766	0	-109.438
0.55	0.15	-0.470389	0	-109.386
0.65	0.15	-0.480467	0	-109.323
0.75	0.15	-0.489988	0	-109.253
0.85	0.15	-0.480589	0	-109.181
0.95	0.15	-0.454755	0	-109.114
1.05	0.15	-0.434372	0	-109.061
1.15	0.15	-0.433563	0	-109.028
1.25	0.15	-0.4378	0	-109.019
1.35	0.15	-0.430886	0	-109.035
1.45	0.15	-0.398627	0	-109.073
1.55	0.15	-0.400564	0	-109.129
1.65	0.15	-0.42103	0	-109.196
1.75	0.15	-0.444035	0	-109.268
1.85	0.15	-0.443302	0	-109.337
1.95	0.15	-0.435209	0	-109.399
2.05	0.15	-0.434776	0	-109.451
2.15	0.15	-0.409569	0	-109.49
2.25	0.15	-0.330223	0	-109.517
2.35	0.15	-0.22001	0	-109.53
2.45	0.15	-0.158114	0	0
0.05	0.25	-0.254951	0	0
0.15	0.25	-0.270573	0	-110.218
0.25	0.25	-0.365861	0	-110.205
0.35	0.25	-0.409623	0	-110.178
0.45	0.25	-0.405027	0	-110.137
0.55	0.25	-0.404591	0	-110.083
0.65	0.25	-0.408941	0	-110.016
0.75	0.25	-0.397979	0	-109.941
0.85	0.25	-0.379457	0	-109.862
0.95	0.25	-0.354161	0	-109.787
1.05	0.25	-0.332885	0	-109.727
1.15	0.25	-0.331389	0	-109.689
1.25	0.25	-0.331151	0	-109.68
1.35	0.25	-0.302901	0	-109.699
1.45	0.25	-0.299529	0	-109.742
1.55	0.25	-0.323065	0	-109.803
1.65	0.25	-0.347655	0	-109.878
1.75	0.25	-0.359744	0	-109.956
1.85	0.25	-0.376639	0	-110.03
1.95	0.25	-0.38964	0	-110.096
2.05	0.25	-0.396682	0	-110.149
2.15	0.25	-0.4007	0	-110.189
2.25	0.25	-0.360884	0	-110.216
2.35	0.25	-0.271186	0	-110.229
2.45	0.25	-0.254951	0	0
0.05	0.35	-0.298077	0	0
0.15	0.35	-0.318863	0	-110.931
0.25	0.35	-0.367237	0	-110.918
0.35	0.35	-0.373678	0	-110.89
0.45	0.35	-0.373304	0	-110.848
0.55	0.35	-0.3741	0	-110.791
0.65	0.35	-0.367104	0	-110.719
0.75	0.35	-0.347701	0	-110.632
0.85	0.35	-0.31811	0	-110.538
0.95	0.35	-0.275591	0	-110.445
1.05	0.35	-0.237255	0	-110.37
1.15	0.35	-0.209848	0	-110.322
1.25	0.35	-0.201757	0	-110.314
1.35	0.35	-0.205458	0	-110.339
1.45	0.35	-0.215373	0	-110.391
1.55	0.35	-0.245926	0	-110.465
1.65	0.35	-0.282725	0	-110.555
1.75	0.35	-0.304204	0	-110.648
1.85	0.35	-0.325274	0	-110.733
1.95	0.35	-0.352168	0	-110.804
2.05	0.35	-0.368771	0	-110.86
2.15	0.35	-0.376258	0	-110.902
2.25	0.35	-0.370432	0	-110.928
2.35	0.35	-0.322452	0	-110.942
2.45	0.35	-0.353553	0	0
0.05	0.45	-0.287996	0	0
0.15	0.45	-0.336765	0	-111.658
0.25	0.45	-0.354247	0	-111.645
0.35	0.45	-0.345555	0	-111.618
0.45	0.45	-0.336593	0	-111.575
0.55	0.45	-0.333177	0	-111.515
0.65	0.45	-0.320195	0	-111.435
0.75	0.45	-0.276956	0	-111.332
0.85	0.45	-0.20391	0	-111.212
0.95	0.45	-0.125693	0	-111.086
1.05	0.45	-0.0642697	0	-110.986
1.15	0.45	-0.0115972	0	-110.915
1.25	0.45	-0.0250995	0	-110.914
1.35	0.45	-0.0517948	0	-110.953
1.45	0.45	-0.0764978	0	-111.016
1.55	0.45	-0.12331	0	-111.112
1.65	0.45	-0.187922	0	-111.231
1.75	0.45	-0.256155	0	-111.348
1.85	0.45	-0.302112	0	-111.449
1.95	0.45	-0.332008	0	-111.528
2.05	0.45	-0.353344	0	-111.587
2.15	0.45	-0.360207	0	-111.628
2.25	0.45	-0.367952	0	-111.654
2.35	0.45	-0.357111	0	-111.667
2.45	0.45	-0.230673	0	0
0.05	0.55	-0.276873	0	0
0.15	0.55	-0.340785	0	-112.397
0.25	0.55	-0.34133	0	-112.385
0.35	0.55	-0.331752	0	-112.361
0.45	0.55	-0.313411	0	-112.32
0.55	0.55	-0.290092	0	-112.26
0.65	0.55	-0.241778	0	-112.173
0.75	0.55	-0.15179	0	-112.05
0.85	0.55	-0.0464761	0	-111.891
1.65	0.55	-0.0570289	0	-111.908
1.75	0.55	-0.149039	0	-112.064
1.85	0.55	-0.235461	0	-112.186
1.95	0.55	-0.295027	0	-112.272
2.05	0.55	-0.330584	0	-112.331
2.15	0.55	-0.340554	0	-112.37
2.25	0.55	-0.346187	0	-112.394
2.35	0.55	-0.359681	0	-112.406
2.45	0.55	-0.318639	0	0
0.05	0.65	-0.207305	0	0
0.15	0.65	-0.335032	0	-113.149
0.25	0.65	-0.325343	0	-113.139
0.35	0.65	-0.31801	0	-113.119
0.45	0.65	-0.287688	0	-113.085
0.55	0.65	-0.23474	0	-113.031
0.65	0.65	-0.147638	0	-112.947
0.75	0.65	-0.034212	0	-112.803
1.75	0.65	-0.0388523	0	-112.815
1.85	0.65	-0.140781	0	-112.959
1.95	0.65	-0.229798	0	-113.043
2.05	0.65	-0.288929	0	-113.095
2.15	0.65	-0.30982	0	-113.127
2.25	0.65	-0.312391	0	-113.146
2.35	0.65	-0.344385	0	-113.155
2.45	0.65	-0.148006	0	0
0.05	0.75	-0.297826	0	0
0.15	0.75	-0.321316	0	-113.91
0.25	0.75	-0.304482	0	-113.904
0.35	0.75	-0.300118	0	-113.891
0.45	0.75	-0.258975	0	-113.869
0.55	0.75	-0.182024	0	-113.834
0.65	0.75	-0.0731796	0	-113.779
1.85	0.75	-0.0661167	0	-113.793
1.95	0.75	-0.16689	0	-113.847
2.05	0.75	-0.244992	0	-113.878
2.15	0.75	-0.276864	0	-113.897
2.25	0.75	-0.276826	0	-113.909
2.35	0.75	-0.324336	0	-113.914
2.45	0.75	-0.218069	0	0
0.05	0.85	-0.25965	0	0
0.15	0.85	-0.300572	0	-114.677
0.25	0.85	-0.28016	0	-114.675
0.35	0.85	-0.280655	0	-114.671
0.45	0.85	-0.234028	0	-114.665
0.55	0.85	-0.144775	0	-114.657
0.65	0.85	-0.0291903	0	-114.651
1.85	0.85	-0.0286293	0	-114.678
1.95	0.85	-0.123506	0	-114.673
2.05	0.85	-0.210137	0	-114.674
2.15	0.85	-0.248233	0	-114.675
2.25	0.85	-0.244853	0	-114.677
2.35	0.85	-0.302048	0	-114.678
2.45	0.85	-0.0976271	0	0
0.05	0.95	-0.0393289	0	0
0.15	0.95	-0.273397	0	-115.447
0.25	0.95	-0.254378	0	-115.449
0.35	0.95	-0.26194	0	-115.454
0.45	0.95	-0.218376	0	-115.464
0.55	0.95	-0.127501	0	-115.48
0.65	0.95	-0.0160211	0	-115.508
1.65	0.95	-0.00320534	0	-115.768
1.85	0.95	-0.0134064	0	-115.55
1.95	0.95	-0.0987773	0	-115.494
2.05	0.95	-0.18821	0	-115.468
2.15	0.95	-0.225864	0	-115.454
2.25	0.95	-0.217919	0	-115.446
2.35	0.95	-0.27521	0	-115.443
2.45	0.95	-0.164357	0	0
0.05	1.05	-0.152692	0	0
0.15	1.05	-0.241834	0	-116.213
0.25	1.05	-0.228229	0	-116.219
0.35	1.05	-0.239558	0	-116.233
0.45	1.05	-0.213529	0	-116.255
0.55	1.05	-0.127724	0	-116.29
0.65	1.05	-0.0208871	0	-116.341
0.85	1.05	-0.00994954	0	-116.478
1.65	1.05	-0.00460426	0	-116.478
1.75	1.05	-0.0109788	0	-116.455
1.85	1.05	-0.0119361	0	-116.349
1.95	1.05	-0.0902946	0	-116.287
2.05	1.05	-0.18046	0	-116.249
2.15	1.05	-0.20785	0	-116.225
2.25	1.05	-0.196462	0	-116.211
2.35	1.05	-0.235651	0	-116.204
2.45	1.05	-0.0287911	0	0
0.05	1.15	-0.0668532	0	0
0.15	1.15	-0.209171	0	-116.974
0.25	1.15	-0.189438	0	-116.983
0.35	1.15	-0.146744	0	-117.002
0.45	1.15	-0.189956	0	-117.035
0.55	1.15	-0.134276	0	-117.084
0.65	1.15	-0.0365902	0	-117.159
0.85	1.15	-0.02847	0	-117.254
1.65	1.15	-0.0189885	0	-117.197
1.75	1.15	-0.0427622	0	-117.163
1.85	1.15	-0.0291509	0	-117.104
1.95	1.15	-0.0946919	0	-117.054
2.05	1.15	-0.175337	0	-117.016
2.15	1.15	-0.18464	0	-116.988
2.25	1.15	-0.177855	0	-116.969
2.35	1.15	-0.178935	0	-116.958
2.45	1.15	-0.0696702	0	0
0.05	1.25	-0.0452102	0	0
0.15	1.25	-0.17923	0	-117.727
0.25	1.25	-0.14886	0	-117.735
0.35	1.25	-0.0965457	0	-117.757
0.45	1.25	-0.166885	0	-117.798
0.55	1.25	-0.135656	0	-117.85
0.65	1.25	-0.0630858	0	-117.914
0.75	1.25	-0.0530125	0	-117.987
0.85	1.25	-0.0474126	0	-117.998
1.65	1.25	-0.0275137	0	-117.931
1.75	1.25	-0.07091	0	-117.894
1.85	1.25	-0.0764884	0	-117.851
1.95	1.25	-0.114672	0	-117.809
2.05	1.25	-0.16139	0	-117.773
2.15	1.25	-0.15087	0	-117.742
2.25	1.25	-0.149042	0	-117.718
2.35	1.25	-0.0920622	0	-117.701
0.15	1.35	-0.141699	0	-118.472
0.25	1.35	-0.0700785	0	-118.473
0.35	1.35	-0.0453203	0	-118.494
0.45	1.35	-0.126659	0	-118.55
0.55	1.35	-0.129564	0	-118.606
0.65	1.35	-0.0995496	0	-118.66
0.75	1.35	-0.0906373	0	-118.709
0.85	1.35	-0.0555099	0	-118.742
1.65	1.35	-0.0255349	0	-118.668
1.75	1.35	-0.0834941	0	-118.633
1.85	1.35	-0.096496	0	-118.596
1.95	1.35	-0.117236	0	-118.558
2.05	1.35	-0.134499	0	-118.523
2.15	1.35	-0.105024	0	-118.491
2.25	1.35	-0.115609	0	-118.461
2.35	1.35	-0.0232294	0	-118.428
2.45	1.35	-0.0094591	0	0
0.15	1.45	-0.0917714	0	-119.215
0.25	1.45	-0.0239351	0	-119.191
0.45	1.45	-0.0892078	0	-119.301
0.55	1.45	-0.109881	0	-119.363
0.65	1.45	-0.10159	0	-119.41
0.75	1.45	-0.0915596	0	-119.449
0.85	1.45	-0.0428211	0	-119.482
1.75	1.45	-0.0678277	0	-119.374
1.85	1.45	-0.0851489	0	-119.34
1.95	1.45	-0.0961048	0	-119.306
2.05	1.45	-0.0938652	0	-119.271
2.15	1.45	-0.0549884	0	-119.236
2.25	1.45	-0.0891097	0	-119.206
0.15	1.55	-0.0227531	0	-119.982
0.45	1.55	-0.0569661	0	-120.09
0.55	1.55	-0.0795271	0	-120.136
0.65	1.55	-0.0750339	0	-120.169
0.75	1.55	-0.0506662	0	-120.194
1.75	1.55	-0.000555445	0	-120.132
1.85	1.55	-0.0321127	0	-120.086
1.95	1.55	-0.0465499	0	-120.054
2.05	1.55	-0.0407049	0	-120.018
2.15	1.55	-0.00358429	0	-119.977
2.25	1.55	-0.0367854	0	-119.989
0.55	1.65	-0.010739	0	-120.922
0.95	0.85	-0.00133549	1	-114.808
1.05	0.85	-0.00854019	1	-114.802
1.15	0.85	-0.0283142	1	-114.773
1.25	0.85	-0.012842	1	-114.784
1.35	0.85	-0.00411857	1	-114.795
1.45	0.85	-0.00873737	1	-114.776
0.95	0.95	-0.00978218	1	-115.661
1.05	0.95	-0.0418075	1	-115.625
1.15	0.95	-0.0526476	1	-115.606
1.25	0.95	-0.0369711	1	-115.605
1.35	0.95	-0.0298926	1	-115.611
1.45	0.95	-0.0289383	1	-115.62
0.95	1.05	-0.00431131	1	-116.454
1.05	1.05	-0.0666049	1	-116.432
1.15	1.05	-0.0740528	1	-116.421
1.25	1.05	-0.0581012	1	-116.418
1.35	1.05	-0.0509389	1	-116.423
1.45	1.05	-0.044778	1	-116.44
1.55	1.05	-0.00133566	1	-116.494
0.95	1.15	-0.0137946	1	-117.238
1.05	1.15	-0.0814971	1	-117.23
1.15	1.15	-0.0961832	1	-117.226
1.25	1.15	-0.0782776	1	-117.225
1.35	1.15	-0.0710534	1	-117.223
1.45	1.15	-0.0675994	1	-117.222
1.55	1.15	-0.0359542	1	-117.221
0.95	1.25	-0.00345137	1	-118.009
1.05	1.25	-0.0958191	1	-118.022
1.15	1.25	-0.118082	1	-118.03
1.25	1.25	-0.0979447	1	-118.031
1.35	1.25	-0.092021	1	-118.023
1.45	1.25	-0.0835761	1	-118.004
1.55	1.25	-0.0393105	1	-117.973
2.45	1.25	-0.0708192	1	0
0.05	1.35	-0.13356	1	0
0.95	1.35	-0.0191794	1	-118.783
1.05	1.35	-0.113659	1	-118.82
1.15	1.35	-0.139889	1	-118.841
1.25	1.35	-0.117398	1	-118.845
1.35	1.35	-0.115799	1	-118.832
1.45	1.35	-0.10254	1	-118.8
1.55	1.35	-0.0528984	1	-118.743
0.05	1.45	-0.118572	1	0
0.35	1.45	-0.000342025	1	-119.2
0.95	1.45	-0.0426364	1	-119.571
1.05	1.45	-0.134916	1	-119.635
1.15	1.45	-0.162338	1	-119.668
1.25	1.45	-0.136785	1	-119.677
1.35	1.45	-0.143008	1	-119.662
1.45	1.45	-0.12862	1	-119.62
1.55	1.45	-0.0899391	1	-119.539
1.65	1.45	-0.000768034	1	-119.391
2.35	1.45	-0.00126121	1	-119.137
2.45	1.45	-0.0196124	1	0
0.05	1.55	-0.0376009	1	0
0.25	1.55	-0.021026	1	-120.014
0.35	1.55	-0.0384525	1	-120.073
0.85	1.55	-0.0136444	1	-120.256
0.95	1.55	-0.0955291	1	-120.4
1.05	1.55	-0.16587	1	-120.479
1.15	1.55	-0.18694	1	-120.52
1.25	1.55	-0.156645	1	-120.532
1.35	1.55	-0.173012	1	-120.519
1.45	1.55	-0.166244	1	-120.477
1.55	1.55	-0.147748	1	-120.403
1.65	1.55	-0.0793666	1	-120.287
2.35	1.55	-0.0258905	1	-120.03
2.45	1.55	-0.192906	1	0
0.05	1.65	-0.0991198	1	0
0.15	1.65	-0.0430386	1	-120.931
0.25	1.65	-0.0636548	1	-120.973
0.35	1.65	-0.0746503	1	-120.984
0.45	1.65	-0.018459	1	-120.926
0.65	1.65	-0.00607095	1	-120.962
0.75	1.65	-0.0564151	1	-121.069
0.85	1.65	-0.113231	1	-121.192
0.95	1.65	-0.160263	1	-121.294
1.05	1.65	-0.201444	1	-121.362
1.15	1.65	-0.214018	1	-121.401
1.25	1.65	-0.179216	1	-121.414
1.35	1.65	-0.207835	1	-121.403
1.45	1.65	-0.209759	1	-121.368
1.55	1.65	-0.199573	1	-121.308
1.65	1.65	-0.166505	1	-121.224
1.75	1.65	-0.114891	1	-121.123
1.85	1.65	-0.0668687	1	-121.027
1.95	1.65	-0.0409268	1	-120.959
2.05	1.65	-0.041366	1	-120.932
2.15	1.65	-0.0617631	1	-120.945
2.25	1.65	-0.0454191	1	-120.929
2.35	1.65	-0.0530624	1	-120.974
2.45	1.65	-0.109287	1	0
0.05	1.75	-0.221147	1	0
0.15	1.75	-0.114002	1	-121.948
0.25	1.75	-0.120144	1	-121.961
0.35	1.75	-0.122861	1	-121.965
0.45	1.75	-0.101112	1	-121.954
0.55	1.75	-0.0929807	1	-121.956
0.65	1.75	-0.108977	1	-122.001
0.75	1.75	-0.135769	1	-122.071
0.85	1.75	-0.163585	1	-122.151
0.95	1.75	-0.197551	1	-122.222
1.05	1.75	-0.231279	1	-122.275
1.15	1.75	-0.243453	1	-122.307
1.25	1.75	-0.208657	1	-122.319
1.35	1.75	-0.247527	1	-122.311
1.45	1.75	-0.248185	1	-122.284
1.55	1.75	-0.237612	1	-122.238
1.65	1.75	-0.224878	1	-122.178
1.75	1.75	-0.198106	1	-122.109
1.85	1.75	-0.158462	1	-122.044
1.95	1.75	-0.128652	1	-121.994
2.05	1.75	-0.119076	1	-121.966
2.15	1.75	-0.128006	1	-121.958
2.25	1.75	-0.124752	1	-121.952
2.35	1.75	-0.0870979	1	-121.962
2.45	1.75	-0.224188	1	0
0.05	1.85	-0.193899	1	0
0.15	1.85	-0.179397	1	-122.952
0.25	1.85	-0.181431	1	-122.958
0.35	1.85	-0.171789	1	-122.963
0.45	1.85	-0.17098	1	-122.967
0.55	1.85	-0.17404	1	-122.982
0.65	1.85	-0.185534	1	-123.016
0.75	1.85	-0.202892	1	-123.064
0.85	1.85	-0.222816	1	-123.119
0.95	1.85	-0.247149	1	-123.169
1.05	1.85	-0.266164	1	-123.208
1.15	1.85	-0.277511	1	-123.234
1.25	1.85	-0.247165	1	-123.243
1.35	1.85	-0.290551	1	-123.238
1.45	1.85	-0.286431	1	-123.217
1.55	1.85	-0.265107	1	-123.184
1.65	1.85	-0.248168	1	-123.14
1.75	1.85	-0.217675	1	-123.091
1.85	1.85	-0.189289	1	-123.045
1.95	1.85	-0.172337	1	-123.007
2.05	1.85	-0.165583	1	-122.981
2.15	1.85	-0.171612	1	-122.968
2.25	1.85	-0.180956	1	-122.961
2.35	1.85	-0.152068	1	-122.961
2.45	1.85	-0.267456	1	0
0.05	1.95	-0.378669	1	0
0.15	1.95	-0.23959	1	-123.951
0.25	1.95	-0.218464	1	-123.955
0.35	1.95	-0.202231	1	-123.961
0.45	1.95	-0.225645	1	-123.971
0.55	1.95	-0.251657	1	-123.988
0.65	1.95	-0.262299	1	-124.015
0.75	1.95	-0.272856	1	-124.051
0.85	1.95	-0.282754	1	-124.09
0.95	1.95	-0.292515	1	-124.127
1.05	1.95	-0.297956	1	-124.156
1.15	1.95	-0.312394	1	-124.175
1.25	1.95	-0.293884	1	-124.183
1.35	1.95	-0.327708	1	-124.18
1.45	1.95	-0.330245	1	-124.164
1.55	1.95	-0.309677	1	-124.139
1.65	1.95	-0.307305	1	-124.107
1.75	1.95	-0.301577	1	-124.072
1.85	1.95	-0.293284	1	-124.037
1.95	1.95	-0.268794	1	-124.007
2.05	1.95	-0.254041	1	-123.985
2.15	1.95	-0.235519	1	-123.971
2.25	1.95	-0.229913	1	-123.962
2.35	1.95	-0.225485	1	-123.959
2.45	1.95	-0.33694	1	0
0.05	2.05	-0.271541	1	0
0.15	2.05	-0.266235	1	-124.945
0.25	2.05	-0.264237	1	-124.949
0.35	2.05	-0.265128	1	-124.956
0.45	2.05	-0.284848	1	-124.967
0.55	2.05	-0.294984	1	-124.984
0.65	2.05	-0.313122	1	-125.007
0.75	2.05	-0.330478	1	-125.034
0.85	2.05	-0.340295	1	-125.064
0.95	2.05	-0.339145	1	-125.091
1.05	2.05	-0.337287	1	-125.114
1.15	2.05	-0.338201	1	-125.129
1.25	2.05	-0.347006	1	-125.135
1.35	2.05	-0.346084	1	-125.133
1.45	2.05	-0.376278	1	-125.121
1.55	2.05	-0.348234	1	-125.102
1.65	2.05	-0.345999	1	-125.078
1.75	2.05	-0.369071	1	-125.051
1.85	2.05	-0.353027	1	-125.024
1.95	2.05	-0.330924	1	-125
2.05	2.05	-0.318024	1	-124.981
2.15	2.05	-0.27169	1	-124.967
2.25	2.05	-0.268027	1	-124.959
2.35	2.05	-0.315767	1	-124.955
2.45	2.05	-0.331674	1	0
0.05	2.15	-0.353553	1	0
0.15	2.15	-0.298546	1	-125.936
0.25	2.15	-0.311779	1	-125.94
0.35	2.15	-0.306373	1	-125.947
0.45	2.15	-0.327213	1	-125.958
0.55	2.15	-0.363149	1	-125.974
0.65	2.15	-0.365581	1	-125.993
0.75	2.15	-0.340005	1	-126.016
0.85	2.15	-0.363915	1	-126.039
0.95	2.15	-0.366843	1	-126.061
1.05	2.15	-0.360506	1	-126.079
1.15	2.15	-0.332237	1	-126.091
1.25	2.15	-0.398102	1	-126.096
1.35	2.15	-0.352806	1	-126.094
1.45	2.15	-0.420949	1	-126.086
1.55	2.15	-0.39075	1	-126.071
1.65	2.15	-0.382328	1	-126.051
1.75	2.15	-0.364546	1	-126.03
1.85	2.15	-0.352887	1	-126.008
1.95	2.15	-0.364424	1	-125.988
2.05	2.15	-0.382498	1	-125.971
2.15	2.15	-0.334629	1	-125.959
2.25	2.15	-0.305537	1	-125.951
2.35	2.15	-0.36611	1	-125.947
2.45	2.15	-0.353553	1	0
0.05	2.25	-0.254951	1	0
0.15	2.25	-0.290155	1	-126.923
0.25	2.25	-0.329582	1	-126.927
0.35	2.25	-0.369206	1	-126.934
0.45	2.25	-0.393635	1	-126.945
0.55	2.25	-0.410597	1	-126.959
0.65	2.25	-0.428571	1	-126.977
0.75	2.25	-0.444737	1	-126.996
0.85	2.25	-0.452225	1	-127.016
0.95	2.25	-0.418079	1	-127.035
1.05	2.25	-0.388957	1	-127.05
1.15	2.25	-0.363543	1	-127.06
1.25	2.25	-0.422315	1	-127.065
1.35	2.25	-0.423078	1	-127.063
1.45	2.25	-0.434884	1	-127.056
1.55	2.25	-0.396817	1	-127.043
1.65	2.25	-0.417019	1	-127.027
1.75	2.25	-0.384599	1	-127.009
1.85	2.25	-0.402579	1	-126.99
1.95	2.25	-0.405561	1	-126.973
2.05	2.25	-0.384243	1	-126.958
2.15	2.25	-0.386149	1	-126.946
2.25	2.25	-0.329965	1	-126.938
2.35	2.25	-0.308669	1	-126.934
2.45	2.25	-0.254951	1	0
0.05	2.35	-0.158114	1	0
0.15	2.35	-0.214838	1	-127.907
0.25	2.35	-0.273537	1	-127.91
0.35	2.35	-0.340587	1	-127.918
0.45	2.35	-0.410653	1	-127.928
0.55	2.35	-0.405173	1	-127.942
0.65	2.35	-0.38019	1	-127.958
0.75	2.35	-0.408074	1	-127.976
0.85	2.35	-0.4575	1	-127.995
0.95	2.35	-0.442826	1	-128.012
1.05	2.35	-0.4455	1	-128.025
1.15	2.35	-0.423021	1	-128.035
1.25	2.35	-0.386165	1	-128.039
1.35	2.35	-0.494472	1	-128.038
1.45	2.35	-0.507127	1	-128.031
1.55	2.35	-0.482841	1	-128.02
1.65	2.35	-0.458398	1	-128.005
1.75	2.35	-0.402376	1	-127.988
1.85	2.35	-0.449254	1	-127.971
1.95	2.35	-0.445823	1	-127.955
2.05	2.35	-0.42149	1	-127.941
2.15	2.35	-0.347212	1	-127.93
2.25	2.35	-0.27657	1	-127.922
2.35	2.35	-0.216597	1	-127.918
2.45	2.35	-0.158114	1	0
0.05	2.45	-0.0707106	1	0
0.15	2.45	-0.158114	1	0
0.25	2.45	-0.254951	1	0
0.35	2.45	-0.353553	1	0
0.45	2.45	-0.399695	1	0
0.55	2.45	-0.485199	1	0
0.65	2.45	-0.435681	1	0
0.75	2.45	-0.38066	1	0
0.85	2.45	-0.474435	1	0
0.95	2.45	-0.488801	1	0
1.05	2.45	-0.514941	1	0
1.15	2.45	-0.401877	1	0
1.25	2.45	-0.434458	1	0
1.35	2.45	-0.5107	1	0
1.45	2.45	-0.435025	1	0
1.55	2.45	-0.405216	1	0
1.65	2.45	-0.572653	1	0
1.75	2.45	-0.392901	1	0
1.85	2.45	-0.50206	1	0
1.95	2.45	-0.396582	1	0
2.05	2.45	-0.412696	1	0
2.15	2.45	-0.353553	1	0
2.25	2.45	-0.254951	1	0
2.35	2.45	-0.158114	1	0
2.45	2.45	-0.0707106	1	0
0.95	0.55	-0.0203803	2	-111.776
1.05	0.55	-0.036291	2	-111.753
1.15	0.55	-0.0364081	2	-111.78
1.25	0.55	-0.033556	2	-111.749
1.35	0.55	-0.0259168	2	-111.712
1.45	0.55	-0.0192807	2	-111.712
1.55	0.55	-0.00800034	2	-111.768
0.85	0.65	-0.0354896	2	-112.73
0.95	0.65	-0.043743	2	-112.772
1.05	0.65	-0.0424298	2	-112.792
1.15	0.65	-0.0280762	2	-112.811
1.25	0.65	-0.0321077	2	-112.795
1.35	0.65	-0.0342562	2	-112.77
1.45	0.65	-0.0287702	2	-112.757
1.55	0.65	-0.0313515	2	-112.746
1.65	0.65	-0.0217657	2	-112.709
0.75	0.75	-0.0198727	2	-113.67
0.85	0.75	-0.0316352	2	-113.732
0.95	0.75	-0.0212796	2	-113.79
1.05	0.75	-0.020581	2	-113.833
1.15	0.75	-0.00293068	2	-113.876
1.25	0.75	-0.0110238	2	-113.851
1.35	0.75	-0.0183354	2	-113.815
1.45	0.75	-0.0122766	2	-113.801
1.55	0.75	-0.0274541	2	-113.752
1.65	0.75	-0.0276635	2	-113.723
1.75	0.75	-0.0156222	2	-113.671
0.75	0.85	-0.0152404	2	-114.659
0.85	0.85	-0.00900179	2	-114.74
1.55	0.85	-0.0203094	2	-114.737
1.65	0.85	-0.0119666	2	-114.759
1.75	0.85	-0.0141098	2	-114.7
0.75	0.95	-0.0111438	2	-115.58
0.85	0.95	-0.000149488	2	-115.758
1.55	0.95	-0.0176418	2	-115.659
1.75	0.95	-0.00352849	2	-115.702
0.75	1.05	-0.00603765	2	-116.421
0.75	1.15	-0.00201086	2	-117.304
#BLOCK HEADER time:1
#x	y	phi	id	pressure

0.05	0.05	-0.0707107	0	0
0.15	0.05	-0.158114	0	0
0.25	0.05	-0.254951	0	0
0.35	0.05	-0.353553	0	0
0.45	0.05	-0.452769	0	0
0.55	0.05	-0.549266	0	0
0.65	0.05	-0.416853	0	0
0.75	0.05	-0.488229	0	0
0.85	0.05	-0.394616	0	0
0.95	0.05	-0.515613	0	0
1.05	0.05	-0.522075	0	0
1.15	0.05	-0.463064	0	0
1.25	0.05	-0.438431	0	0
1.35	0.05	-0.494949	0	0
1.45	0.05	-0.403251	0	0
1.55	0.05	-0.418007	0	0
1.65	0.05	-0.549345	0	0
1.75	0.05	-0.462051	0	0
1.85	0.05	-0.499629	0	0
1.95	0.05	-0.470249	0	0
2.05	0.05	-0.452769	0	0
2.15	0.05	-0.353553	0	0
2.25	0.05	-0.254951	0	0
2.35	0.05	-0.158114	0	0
2.45	0.05	-0.0707106	0	0
0.05	0.15	-0.158114	0	0
0.15	0.15	-0.245545	0	35.9783
0.25	0.15	-0.387126	0	35.9968
0.35	0.15	-0.449501	0	36.0345
0.45	0.15	-0.464488	0	36.092
0.55	0.15	-0.449723	0	36.1695
0.65	0.15	-0.417024	0	36.2641
0.75	0.15	-0.387235	0	36.3682
0.85	0.15	-0.350958	0	36.4703
0.95	0.15	-0.318972	0	36.5687
1.05	0.15	-0.295237	0	36.6471
1.15	0.15	-0.279849	0	36.696
1.25	0.15	-0.270297	0	36.718
1.35	0.15	-0.281806	0	36.69
1.45	0.15	-0.299272	0	36.635
1.55	0.15	-0.318165	0	36.5525
1.65	0.15	-0.340959	0	36.4721
1.75	0.15	-0.366384	0	36.3853
1.85	0.15	-0.391544	0	36.2848
1.95	0.15	-0.413441	0	36.1873
2.05	0.15	-0.429411	0	36.1056
2.15	0.15	-0.422133	0	36.0443
2.25	0.15	-0.370273	0	36.0042
2.35	0.15	-0.240685	0	35.9845
2.45	0.15	-0.158114	0	0
0.05	0.25	-0.254951	0	0
0.15	0.25	-0.273756	0	35.2737
0.25	0.25	-0.39739	0	35.2917
0.35	0.25	-0.425356	0	35.3286
0.45	0.25	-0.399875	0	35.3861
0.55	0.25	-0.337683	0	35.4662
0.65	0.25	-0.249825	0	35.5687
0.75	0.25	-0.151283	0	35.684
0.85	0.25	-0.0610414	0	35.7881
0.95	0.25	-0.00421714	0	35.9028
1.55	0.25	-0.0207023	0	35.8643
1.65	0.25	-0.076892	0	35.7924
1.75	0.25	-0.15759	0	35.7132
1.85	0.25	-0.244137	0	35.5957
1.95	0.25	-0.317974	0	35.4855
2.05	0.25	-0.372017	0	35.3991
2.15	0.25	-0.399272	0	35.3372
2.25	0.25	-0.380652	0	35.2978
2.35	0.25	-0.269235	0	35.2787
2.45	0.25	-0.254951	0	0
0.05	0.35	-0.298077	0	0
0.15	0.35	-0.29248	0	34.5512
0.25	0.35	-0.390559	0	34.5677
0.35	0.35	-0.388674	0	34.602
0.45	0.35	-0.323007	0	34.6576
0.55	0.35	-0.207672	0	34.7407
0.65	0.35	-0.0683102	0	34.8603
1.85	0.35	-0.0830944	0	34.8993
1.95	0.35	-0.204702	0	34.76
2.05	0.35	-0.304855	0	34.6679
2.15	0.35	-0.366434	0	34.6077
2.25	0.35	-0.375674	0	34.5711
2.35	0.35	-0.289518	0	34.5538
2.45	0.35	-0.353553	0	0
0.05	0.45	-0.287996	0	0
0.15	0.45	-0.305694	0	33.8122
0.25	0.45	-0.37718	0	33.8257
0.35	0.45	-0.345678	0	33.8542
0.45	0.45	-0.241177	0	33.9015
0.55	0.45	-0.0932331	0	33.9787
1.95	0.45	-0.10139	0	33.9874
2.05	0.45	-0.232295	0	33.9047
2.15	0.45	-0.328899	0	33.8547
2.25	0.45	-0.365367	0	33.8252
2.35	0.45	-0.305404	0	33.8114
2.45	0.45	-0.230673	0	0
0.05	0.55	-0.276873	0	0
0.15	0.55	-0.314933	0	33.0596
0.25	0.55	-0.361412	0	33.0689
0.35	0.55	-0.306152	0	33.0876
0.45	0.55	-0.178698	0	33.1156
0.55	0.55	-0.0253339	0	33.1496
1.95	0.55	-0.0386967	0	33.1478
2.05	0.55	-0.176492	0	33.1089
2.15	0.55	-0.294677	0	33.0811
2.25	0.55	-0.353652	0	33.0637
2.35	0.55	-0.317912	0	33.0553
2.45	0.55	-0.318639	0	0
0.05	0.65	-0.207305	0	0
0.15	0.65	-0.321522	0	32.2978
0.25	0.65	-0.346808	0	32.3025
0.35	0.65	-0.276075	0	32.3116
0.45	0.65	-0.139506	0	32.3239
0.55	0.65	-0.0057905	0	32.3359
1.95	0.65	-0.0161595	0	32.3047
2.05	0.65	-0.142847	0	32.3019
2.15	0.65	-0.27017	0	32.2972
2.25	0.65	-0.34342	0	32.293
2.35	0.65	-0.327662	0	32.2907
2.45	0.65	-0.148006	0	0
0.05	0.75	-0.297826	0	0
0.15	0.75	-0.326225	0	31.5312
0.25	0.75	-0.3357	0	31.5318
0.35	0.75	-0.258103	0	31.5324
0.45	0.75	-0.121036	0	31.5323
0.55	0.75	-0.00255781	0	31.53
1.95	0.75	-0.0144103	0	31.4661
2.05	0.75	-0.128836	0	31.4967
2.15	0.75	-0.257689	0	31.5129
2.25	0.75	-0.336313	0	31.5206
2.35	0.75	-0.335005	0	31.5237
2.45	0.75	-0.218069	0	0
0.05	0.85	-0.25965	0	0
0.15	0.85	-0.329388	0	30.764
0.25	0.85	-0.328779	0	30.7609
0.35	0.85	-0.252574	0	30.7542
0.45	0.85	-0.118514	0	30.7428
0.55	0.85	-0.00288567	0	30.7266
0.75	0.85	-0.00852767	0	30.5879
0.85	0.85	-0.00594081	0	30.5598
1.65	0.85	-0.0118022	0	30.5597
1.75	0.85	-0.013237	0	30.5295
1.95	0.85	-0.0203156	0	30.6444
2.05	0.85	-0.130922	0	30.7059
2.15	0.85	-0.256821	0	30.7369
2.25	0.85	-0.332243	0	30.7529
2.35	0.85	-0.33985	0	30.7598
2.45	0.85	-0.0976271	0	0
0.05	0.95	-0.0393289	0	0
0.15	0.95	-0.330996	0	29.9998
0.25	0.95	-0.324907	0	29.9937
0.35	0.95	-0.258642	0	29.9805
0.45	0.95	-0.133278	0	29.958
0.55	0.95	-0.00973617	0	29.9239
0.75	0.95	-0.0208314	0	29.8381
0.85	0.95	-0.0314554	0	29.8258
0.95	0.95	-0.0146975	0	29.8171
1.55	0.95	-0.00233786	0	29.7958
1.65	0.95	-0.0544898	0	29.8225
1.75	0.95	-0.040462	0	29.8265
1.85	0.95	-0.00160324	0	29.8371
1.95	0.95	-0.0311426	0	29.8989
2.05	0.95	-0.145274	0	29.9456
2.15	0.95	-0.264771	0	29.976
2.25	0.95	-0.329048	0	29.9942
2.35	0.95	-0.340943	0	30.0028
2.45	0.95	-0.164357	0	0
0.05	1.05	-0.152692	0	0
0.15	1.05	-0.330523	0	29.2417
0.25	1.05	-0.320681	0	29.2337
0.35	1.05	-0.268966	0	29.2161
0.45	1.05	-0.165089	0	29.185
0.55	1.05	-0.0481892	0	29.1296
0.75	1.05	-0.0266842	0	29.0727
0.85	1.05	-0.0558674	0	29.0882
0.95	1.05	-0.0490933	0	29.0978
1.55	1.05	-0.0318054	0	29.104
1.65	1.05	-0.0681874	0	29.1081
1.75	1.05	-0.03614	0	29.117
1.85	1.05	-0.00121946	0	29.1345
1.95	1.05	-0.0466944	0	29.1686
2.05	1.05	-0.166742	0	29.2015
2.15	1.05	-0.272927	0	29.2274
2.25	1.05	-0.32211	0	29.2451
2.35	1.05	-0.32652	0	29.2542
2.45	1.05	-0.0287911	0	0
0.05	1.15	-0.0668532	0	0
0.15	1.15	-0.326961	0	28.4916
0.25	1.15	-0.313054	0	28.4832
0.35	1.15	-0.27977	0	28.4654
0.45	1.15	-0.200332	0	28.4361
0.55	1.15	-0.0887714	0	28.3931
0.65	1.15	-0.0200843	0	28.3374
0.75	1.15	-0.0158376	0	28.3488
0.85	1.15	-0.0607236	0	28.3563
0.95	1.15	-0.0613835	0	28.3629
1.55	1.15	-0.0455539	0	28.3842
1.65	1.15	-0.0732843	0	28.3887
1.75	1.15	-0.0365518	0	28.3989
1.85	1.15	-0.0214246	0	28.4155
1.95	1.15	-0.0710072	0	28.4393
2.05	1.15	-0.192994	0	28.4645
2.15	1.15	-0.277235	0	28.4871
2.25	1.15	-0.308067	0	28.5046
2.35	1.15	-0.28791	0	28.5148
2.45	1.15	-0.0696702	0	0
0.05	1.25	-0.0452102	0	0
0.15	1.25	-0.319823	0	27.7498
0.25	1.25	-0.303077	0	27.7422
0.35	1.25	-0.278683	0	27.7262
0.45	1.25	-0.21871	0	27.7009
0.55	1.25	-0.116683	0	27.6692
0.65	1.25	-0.0505093	0	27.6387
0.75	1.25	-0.0432502	0	27.6289
0.85	1.25	-0.0721703	0	27.6252
0.95	1.25	-0.067888	0	27.6238
1.55	1.25	-0.0491773	0	27.6555
1.65	1.25	-0.0875925	0	27.6636
1.75	1.25	-0.0698092	0	27.6743
1.85	1.25	-0.0747851	0	27.6892
1.95	1.25	-0.120276	0	27.7085
2.05	1.25	-0.213871	0	27.73
2.15	1.25	-0.268458	0	27.7518
2.25	1.25	-0.278751	0	27.7715
2.35	1.25	-0.21308	0	27.7855
0.15	1.35	-0.288912	0	27.0155
0.25	1.35	-0.260582	0	27.0097
0.35	1.35	-0.239647	0	26.9962
0.45	1.35	-0.221779	0	26.972
0.55	1.35	-0.154996	0	26.9442
0.65	1.35	-0.107328	0	26.9191
0.75	1.35	-0.0929649	0	26.9029
0.85	1.35	-0.0997457	0	26.8919
0.95	1.35	-0.0738766	0	26.8829
1.55	1.35	-0.0464455	0	26.9264
1.65	1.35	-0.103245	0	26.9358
1.75	1.35	-0.102427	0	26.9456
1.85	1.35	-0.118227	0	26.9587
1.95	1.35	-0.156772	0	26.9755
2.05	1.35	-0.217273	0	26.9955
2.15	1.35	-0.239387	0	27.0184
2.25	1.35	-0.231314	0	27.0442
2.35	1.35	-0.117576	0	27.0702
2.45	1.35	-0.0094591	0	0
0.15	1.45	-0.245666	0	26.2871
0.25	1.45	-0.197546	0	26.2847
0.35	1.45	-0.12939	0	26.277
0.45	1.45	-0.183521	0	26.2469
0.55	1.45	-0.163271	0	26.2164
0.65	1.45	-0.135929	0	26.1908
0.75	1.45	-0.121543	0	26.1715
0.85	1.45	-0.116948	0	26.1565
0.95	1.45	-0.071131	0	26.1419
1.55	1.45	-0.0281424	0	26.2087
1.65	1.45	-0.111771	0	26.2076
1.75	1.45	-0.128666	0	26.2135
1.85	1.45	-0.144429	0	26.2244
1.95	1.45	-0.171745	0	26.2393
2.05	1.45	-0.203142	0	26.258
2.15	1.45	-0.197434	0	26.2819
2.25	1.45	-0.173496	0	26.3168
2.35	1.45	-0.00570932	0	26.3808
0.15	1.55	-0.187601	0	25.5612
0.25	1.55	-0.138158	0	25.5649
0.35	1.55	-0.0299105	0	25.5803
0.45	1.55	-0.129034	0	25.5219
0.55	1.55	-0.144346	0	25.4839
0.65	1.55	-0.13569	0	25.4562
0.75	1.55	-0.126137	0	25.4359
0.85	1.55	-0.114958	0	25.4207
0.95	1.55	-0.045455	0	25.4091
1.65	1.55	-0.093469	0	25.4725
1.75	1.55	-0.135007	0	25.4765
1.85	1.55	-0.148084	0	25.4861
1.95	1.55	-0.164358	0	25.4993
2.05	1.55	-0.175212	0	25.5154
2.15	1.55	-0.15644	0	25.5345
2.25	1.55	-0.140016	0	25.5604
0.15	1.65	-0.112295	0	24.8316
0.25	1.65	-0.0725874	0	24.8333
0.45	1.65	-0.0854713	0	24.7767
0.55	1.65	-0.113876	0	24.7409
0.65	1.65	-0.115815	0	24.7143
0.75	1.65	-0.108273	0	24.6953
0.85	1.65	-0.0792724	0	24.6811
1.65	1.65	-0.0244698	0	24.7327
1.75	1.65	-0.0981344	0	24.734
1.85	1.65	-0.119926	0	24.744
1.95	1.65	-0.131013	0	24.7564
2.05	1.65	-0.130059	0	24.7697
2.15	1.65	-0.109037	0	24.7803
2.25	1.65	-0.121223	0	24.7828
0.15	1.75	-0.0104451	0	24.1004
0.45	1.75	-0.0343037	0	24.0195
0.55	1.75	-0.0662674	0	23.9886
0.65	1.75	-0.0706809	0	23.9647
0.75	1.75	-0.0546242	0	23.9499
1.85	1.75	-0.0424245	0	23.9996
1.95	1.75	-0.0589706	0	24.0127
2.05	1.75	-0.0550717	0	24.0266
2.15	1.75	-0.0373336	0	24.0344
2.25	1.75	-0.0647245	0	24.0084
0.95	0.35	-0.0227492	1	35.0689
1.05	0.35	-0.0443141	1	35.0825
1.15	0.35	-0.0574079	1	35.1019
1.25	0.35	-0.056905	1	35.1005
1.35	0.35	-0.0431418	1	35.1074
1.45	0.35	-0.0234825	1	35.0992
1.55	0.35	-0.000563388	1	35.1427
0.75	0.45	-0.0173663	1	34.1101
0.85	0.45	-0.0526378	1	34.15
0.95	0.45	-0.0785909	1	34.1716
1.05	0.45	-0.102634	1	34.1902
1.15	0.45	-0.118343	1	34.2053
1.25	0.45	-0.115043	1	34.2102
1.35	0.45	-0.10191	1	34.21
1.45	0.45	-0.0827863	1	34.202
1.55	0.45	-0.0605809	1	34.1942
1.65	0.45	-0.0342401	1	34.1535
0.65	0.55	-0.00107842	1	33.1683
0.75	0.55	-0.0457954	1	33.2166
0.85	0.55	-0.0659005	1	33.2497
0.95	0.55	-0.0905375	1	33.2775
1.05	0.55	-0.1255	1	33.3016
1.15	0.55	-0.150849	1	33.3186
1.25	0.55	-0.150594	1	33.325
1.35	0.55	-0.137553	1	33.3206
1.45	0.55	-0.109974	1	33.3047
1.55	0.55	-0.0821445	1	33.2785
1.65	0.55	-0.0543003	1	33.2388
1.75	0.55	-0.0303137	1	33.198
0.65	0.65	-0.0152807	1	32.3415
0.75	0.65	-0.0388413	1	32.3383
0.85	0.65	-0.0486454	1	32.3547
0.95	0.65	-0.0762935	1	32.3871
1.05	0.65	-0.128847	1	32.42
1.15	0.65	-0.169212	1	32.4427
1.25	0.65	-0.176065	1	32.4506
1.35	0.65	-0.161711	1	32.4425
1.45	0.65	-0.118213	1	32.4175
1.55	0.65	-0.0804518	1	32.3765
1.65	0.65	-0.04308	1	32.3251
1.75	0.65	-0.0270622	1	32.2989
0.65	0.75	-0.00715051	1	31.524
0.75	0.75	-0.0103707	1	31.4402
0.85	0.75	-0.0168628	1	31.4439
0.95	0.75	-0.0464904	1	31.496
1.05	0.75	-0.118539	1	31.5486
1.15	0.75	-0.178785	1	31.5814
1.25	0.75	-0.195559	1	31.5924
1.35	0.75	-0.178167	1	31.5813
1.45	0.75	-0.11172	1	31.5465
1.55	0.75	-0.0617733	1	31.4846
1.65	0.75	-0.00688472	1	31.3865
1.75	0.75	-0.0124512	1	31.3696
0.95	0.85	-0.0132656	1	30.6045
1.05	0.85	-0.096759	1	30.697
1.15	0.85	-0.182386	1	30.7421
1.25	0.85	-0.211294	1	30.7562
1.35	0.85	-0.188996	1	30.7437
1.45	0.85	-0.0940841	1	30.7027
1.55	0.85	-0.0275871	1	30.629
1.05	0.95	-0.0650175	1	29.8928
1.15	0.95	-0.181739	1	29.9336
1.25	0.95	-0.224674	1	29.9467
1.35	0.95	-0.195192	1	29.9346
1.45	0.95	-0.0692317	1	29.8916
1.05	1.05	-0.0383302	1	29.128
1.15	1.05	-0.181489	1	29.1528
1.25	1.05	-0.237499	1	29.1624
1.35	1.05	-0.198752	1	29.1564
1.45	1.05	-0.0484918	1	29.1344
1.05	1.15	-0.022832	1	28.3748
1.15	1.15	-0.180225	1	28.3871
1.25	1.15	-0.24986	1	28.3937
1.35	1.15	-0.205479	1	28.3942
1.45	1.15	-0.050015	1	28.3895
1.05	1.25	-0.0181153	1	27.6246
1.15	1.25	-0.179465	1	27.627
1.25	1.25	-0.261956	1	27.6311
1.35	1.25	-0.21547	1	27.6374
1.45	1.25	-0.0545015	1	27.6461
2.45	1.25	-0.0708192	1	0
0.05	1.35	-0.13356	1	0
1.05	1.35	-0.0242883	1	26.8728
1.15	1.35	-0.184723	1	26.8653
1.25	1.35	-0.273656	1	26.8664
1.35	1.35	-0.22884	1	26.878
1.45	1.35	-0.0676143	1	26.9004
0.05	1.45	-0.118572	1	0
1.05	1.45	-0.041797	1	26.1157
1.15	1.45	-0.197603	1	26.0948
1.25	1.45	-0.284941	1	26.0913
1.35	1.45	-0.24574	1	26.1077
1.45	1.45	-0.0958492	1	26.1472
2.45	1.45	-0.0196124	1	0
0.05	1.55	-0.0376009	1	0
1.05	1.55	-0.0796752	1	25.3472
1.15	1.55	-0.221034	1	25.3071
1.25	1.55	-0.297552	1	25.2961
1.35	1.55	-0.26473	1	25.3145
1.45	1.55	-0.146698	1	25.3676
1.55	1.55	-0.00825639	1	25.4732
2.35	1.55	-0.00694727	1	25.6084
2.45	1.55	-0.192906	1	0
0.05	1.65	-0.0991198	1	0
0.35	1.65	-0.0274484	1	24.8295
0.95	1.65	-0.00760523	1	24.6707
1.05	1.65	-0.143167	1	24.5491
1.15	1.65	-0.254541	1	24.4903
1.25	1.65	-0.311104	1	24.4716
1.35	1.65	-0.295607	1	24.4865
1.45	1.65	-0.214398	1	24.5355
1.55	1.65	-0.0948088	1	24.6221
2.35	1.65	-0.0040639	1	24.7822
2.45	1.65	-0.109287	1	0
0.05	1.75	-0.221147	1	0
0.25	1.75	-0.00659716	1	24.0808
0.35	1.75	-0.0613763	1	24.003
0.85	1.75	-0.00474084	1	23.9195
0.95	1.75	-0.112003	1	23.784
1.05	1.75	-0.21835	1	23.6882
1.15	1.75	-0.290302	1	23.6334
1.25	1.75	-0.326514	1	23.6134
1.35	1.75	-0.324801	1	23.6244
1.45	1.75	-0.278058	1	23.6659
1.55	1.75	-0.19396	1	23.7395
1.65	1.75	-0.0952528	1	23.8498
1.75	1.75	-0.00329376	1	23.9722
2.35	1.75	-0.0357652	1	23.9551
2.45	1.75	-0.224188	1	0
0.05	1.85	-0.193899	1	0
0.15	1.85	-0.0765273	1	23.1165
0.25	1.85	-0.0837857	1	23.0965
0.35	1.85	-0.10159	1	23.0804
0.45	1.85	-0.0544975	1	23.1185
0.55	1.85	-0.0230341	1	23.1455
0.65	1.85	-0.0243875	1	23.1227
0.75	1.85	-0.0626599	1	23.0517
0.85	1.85	-0.13542	1	22.9505
0.95	1.85	-0.216126	1	22.8576
1.05	1.85	-0.281738	1	22.7864
1.15	1.85	-0.318061	1	22.7419
1.25	1.85	-0.345274	1	22.7241
1.35	1.85	-0.346357	1	22.7318
1.45	1.85	-0.325644	1	22.7642
1.55	1.85	-0.269337	1	22.8203
1.65	1.85	-0.201861	1	22.8971
1.75	1.85	-0.130541	1	22.9832
1.85	1.85	-0.0758896	1	23.068
1.95	1.85	-0.0485755	1	23.1238
2.05	1.85	-0.0467499	1	23.1445
2.15	1.85	-0.0560211	1	23.1391
2.25	1.85	-0.0394249	1	23.1321
2.35	1.85	-0.0894878	1	23.0619
2.45	1.85	-0.267456	1	0
0.05	1.95	-0.378669	1	0
0.15	1.95	-0.171009	1	22.1157
0.25	1.95	-0.156947	1	22.1085
0.35	1.95	-0.15583	1	22.1034
0.45	1.95	-0.139439	1	22.1106
0.55	1.95	-0.132024	1	22.1107
0.65	1.95	-0.147954	1	22.087
0.75	1.95	-0.19081	1	22.038
0.85	1.95	-0.244669	1	21.9733
0.95	1.95	-0.293306	1	21.9096
1.05	1.95	-0.327481	1	21.8579
1.15	1.95	-0.33892	1	21.8237
1.25	1.95	-0.365735	1	21.8092
1.35	1.95	-0.365172	1	21.8145
1.45	1.95	-0.365243	1	21.8389
1.55	1.95	-0.331778	1	21.8804
1.65	1.95	-0.29673	1	21.9351
1.75	1.95	-0.249292	1	21.9957
1.85	1.95	-0.19855	1	22.053
1.95	1.95	-0.164949	1	22.0952
2.05	1.95	-0.150858	1	22.1176
2.15	1.95	-0.148691	1	22.1232
2.25	1.95	-0.14341	1	22.1183
2.35	1.95	-0.163954	1	22.0984
2.45	1.95	-0.33694	1	0
0.05	2.05	-0.271541	1	0
0.15	2.05	-0.230467	1	21.1223
0.25	2.05	-0.220029	1	21.1185
0.35	2.05	-0.216199	1	21.1139
0.45	2.05	-0.217036	1	21.1099
0.55	2.05	-0.226693	1	21.0998
0.65	2.05	-0.24885	1	21.0767
0.75	2.05	-0.282227	1	21.0401
0.85	2.05	-0.31601	1	20.9949
0.95	2.05	-0.34416	1	20.9497
1.05	2.05	-0.360299	1	20.9118
1.15	2.05	-0.355504	1	20.8859
1.25	2.05	-0.385467	1	20.8744
1.35	2.05	-0.384801	1	20.8781
1.45	2.05	-0.395311	1	20.8964
1.55	2.05	-0.369632	1	20.9273
1.65	2.05	-0.354413	1	20.9674
1.75	2.05	-0.331729	1	21.0114
1.85	2.05	-0.296297	1	21.0531
1.95	2.05	-0.262881	1	21.0863
2.05	2.05	-0.239571	1	21.1077
2.15	2.05	-0.227546	1	21.1178
2.25	2.05	-0.229306	1	21.1194
2.35	2.05	-0.248706	1	21.1151
2.45	2.05	-0.331674	1	0
0.05	2.15	-0.353553	1	0
0.15	2.15	-0.282469	1	20.1325
0.25	2.15	-0.277743	1	20.1294
0.35	2.15	-0.277	1	20.1237
0.45	2.15	-0.284768	1	20.1154
0.55	2.15	-0.303028	1	20.1017
0.65	2.15	-0.326561	1	20.0801
0.75	2.15	-0.345105	1	20.0506
0.85	2.15	-0.364493	1	20.0164
0.95	2.15	-0.383083	1	19.9825
1.05	2.15	-0.388839	1	19.9537
1.15	2.15	-0.372921	1	19.9336
1.25	2.15	-0.400576	1	19.9245
1.35	2.15	-0.412413	1	19.9272
1.45	2.15	-0.420569	1	19.9412
1.55	2.15	-0.392336	1	19.965
1.65	2.15	-0.37596	1	19.9956
1.75	2.15	-0.361026	1	20.0294
1.85	2.15	-0.35298	1	20.0618
1.95	2.15	-0.340189	1	20.0891
2.05	2.15	-0.318454	1	20.1089
2.15	2.15	-0.295082	1	20.1209
2.25	2.15	-0.29644	1	20.1264
2.35	2.15	-0.327605	1	20.1274
2.45	2.15	-0.353553	1	0
0.05	2.25	-0.254951	1	0
0.15	2.25	-0.286049	1	19.1459
0.25	2.25	-0.307685	1	19.1427
0.35	2.25	-0.329865	1	19.1363
0.45	2.25	-0.351979	1	19.1263
0.55	2.25	-0.373911	1	19.1115
0.65	2.25	-0.395395	1	19.0912
0.75	2.25	-0.417443	1	19.0659
0.85	2.25	-0.434267	1	19.0378
0.95	2.25	-0.437485	1	19.0103
1.05	2.25	-0.42657	1	18.9868
1.15	2.25	-0.400768	1	18.9704
1.25	2.25	-0.406334	1	18.9628
1.35	2.25	-0.45411	1	18.9649
1.45	2.25	-0.446279	1	18.9763
1.55	2.25	-0.41954	1	18.9957
1.65	2.25	-0.407757	1	19.0208
1.75	2.25	-0.396523	1	19.0486
1.85	2.25	-0.39579	1	19.0757
1.95	2.25	-0.384145	1	19.0995
2.05	2.25	-0.36683	1	19.118
2.15	2.25	-0.345236	1	19.1307
2.25	2.25	-0.318835	1	19.1379
2.35	2.25	-0.313807	1	19.1408
2.45	2.25	-0.254951	1	0
0.05	2.35	-0.158114	1	0
0.15	2.35	-0.216905	1	18.1626
0.25	2.35	-0.259586	1	18.1593
0.35	2.35	-0.306558	1	18.1525
0.45	2.35	-0.356745	1	18.1419
0.55	2.35	-0.387389	1	18.1269
0.65	2.35	-0.393806	1	18.1073
0.75	2.35	-0.395911	1	18.0839
0.85	2.35	-0.417825	1	18.0585
0.95	2.35	-0.439283	1	18.0339
1.05	2.35	-0.451903	1	18.013
1.15	2.35	-0.430183	1	17.9983
1.25	2.35	-0.399942	1	17.9914
1.35	2.35	-0.496774	1	17.9932
1.45	2.35	-0.484792	1	18.0035
1.55	2.35	-0.458355	1	18.0208
1.65	2.35	-0.442757	1	18.0433
1.75	2.35	-0.427758	1	18.0683
1.85	2.35	-0.435576	1	18.0931
1.95	2.35	-0.411548	1	18.1152
2.05	2.35	-0.370629	1	18.133
2.15	2.35	-0.315516	1	18.1457
2.25	2.35	-0.264218	1	18.1536
2.35	2.35	-0.220699	1	18.1572
2.45	2.35	-0.158114	1	0
0.05	2.45	-0.0707106	1	0
0.15	2.45	-0.158114	1	0
0.25	2.45	-0.254951	1	0
0.35	2.45	-0.353553	1	0
0.45	2.45	-0.399695	1	0
0.55	2.45	-0.485199	1	0
0.65	2.45	-0.435681	1	0
0.75	2.45	-0.38066	1	0
0.85	2.45	-0.474435	1	0
0.95	2.45	-0.488801	1	0
1.05	2.45	-0.514941	1	0
1.15	2.45	-0.401877	1	0
1.25	2.45	-0.434458	1	0
1.35	2.45	-0.5107	1	0
1.45	2.45	-0.435025	1	0
1.55	2.45	-0.405216	1	0
1.65	2.45	-0.572653	1	0
1.75	2.45	-0.392901	1	0
1.85	2.45	-0.50206	1	0
1.95	2.45	-0.396582	1	0
2.05	2.45	-0.412696	1	0
2.15	2.45	-0.353553	1	0
2.25	2.45	-0.254951	1	0
2.35	2.45	-0.158114	1	0
2.45	2.45	-0.0707106	1	0
1.05	0.25	-0.00285174	2	35.9851
1.15	0.25	-0.00266487	2	36.0317
1.25	0.25	-0.0184468	2	36.0472
1.35	0.25	-0.00138482	2	36.0282
1.45	0.25	-0.00274921	2	35.9714
0.75	0.35	-0.00405436	2	34.9962
0.85	0.35	-0.00184965	2	35.0777
1.65	0.35	-0.00147916	2	35.1093
1.75	0.35	-0.00815753	2	35.0524
0.65	0.45	-0.00184661	2	34.1256
1.75	0.45	-0.00231613	2	34.0822
1.85	0.45	-0.00812646	2	34.1466
1.85	0.55	-7.38208e-05	2	33.1903
1.85	0.65	-0.000664644	2	32.303
1.85	0.75	-0.000361823	2	31.4177
0.65	0.85	-0.00426385	2	30.7009
1.85	0.85	-5.31268e-05	2	30.5064
0.65	0.95	-0.00435656	2	29.8703
0.65	1.05	-0.00176229	2	29.0129
#BLOCK HEADER time:1.5
#x	y	phi	id	pressure

0.05	0.05	-0.0707107	0	0
0.15	0.05	-0.158114	0	0
0.25	0.05	-0.254951	0	0
0.35	0.05	-0.353553	0	0
0.45	0.05	-0.452769	0	0
0.55	0.05	-0.549266	0	0
0.65	0.05	-0.416853	0	0
0.75	0.05	-0.488229	0	0
0.85	0.05	-0.394616	0	0
0.95	0.05	-0.515613	0	0
1.05	0.05	-0.522075	0	0
1.15	0.05	-0.463064	0	0
1.25	0.05	-0.438431	0	0
1.35	0.05	-0.494949	0	0
1.45	0.05	-0.403251	0	0
1.55	0.05	-0.418007	0	0
1.65	0.05	-0.549345	0	0
1.75	0.05	-0.462051	0	0
1.85	0.05	-0.499629	0	0
1.95	0.05	-0.470249	0	0
2.05	0.05	-0.452769	0	0
2.15	0.05	-0.353553	0	0
2.25	0.05	-0.254951	0	0
2.35	0.05	-0.158114	0	0
2.45	0.05	-0.0707106	0	0
0.05	0.15	-0.158114	0	0
0.15	0.15	-0.262331	0	51.6196
0.25	0.15	-0.339246	0	51.6552
0.35	0.15	-0.306532	0	51.7281
0.45	0.15	-0.236709	0	51.8404
0.55	0.15	-0.152319	0	51.9889
0.65	0.15	-0.0725617	0	52.1421
0.75	0.15	-0.0264956	0	52.262
0.85	0.15	-0.00592604	0	52.3487
0.95	0.15	-0.00682456	0	52.4058
1.55	0.15	-0.00915757	0	52.4042
1.65	0.15	-0.0101656	0	52.3445
1.75	0.15	-0.0350735	0	52.2549
1.85	0.15	-0.0824187	0	52.1335
1.95	0.15	-0.157054	0	51.9793
2.05	0.15	-0.240492	0	51.8371
2.15	0.15	-0.306779	0	51.729
2.25	0.15	-0.332941	0	51.6582
2.35	0.15	-0.256719	0	51.6235
2.45	0.15	-0.158114	0	0
0.05	0.25	-0.254951	0	0
0.15	0.25	-0.284548	0	50.8981
0.25	0.25	-0.306691	0	50.9317
0.35	0.25	-0.192338	0	51.0027
0.45	0.25	-0.0471493	0	51.1181
2.05	0.25	-0.0612808	0	51.1169
2.15	0.25	-0.198413	0	51.0057
2.25	0.25	-0.301731	0	50.936
2.35	0.25	-0.277682	0	50.9029
2.45	0.25	-0.254951	0	0
0.05	0.35	-0.298077	0	0
0.15	0.35	-0.291492	0	50.143
0.25	0.35	-0.269849	0	50.171
0.35	0.35	-0.118942	0	50.2328
2.15	0.35	-0.127645	0	50.2409
2.25	0.35	-0.267216	0	50.1774
2.35	0.35	-0.28434	0	50.149
2.45	0.35	-0.353553	0	0
0.05	0.45	-0.287996	0	0
0.15	0.45	-0.29393	0	49.3599
0.25	0.45	-0.24314	0	49.3764
0.35	0.45	-0.0717697	0	49.4084
2.15	0.45	-0.0850923	0	49.4165
2.25	0.45	-0.24378	0	49.3836
2.35	0.45	-0.286822	0	49.3668
2.45	0.45	-0.230673	0	0
0.05	0.55	-0.276873	0	0
0.15	0.55	-0.295486	0	48.5602
0.25	0.55	-0.229614	0	48.5663
0.35	0.55	-0.0524694	0	48.5765
2.15	0.55	-0.0694022	0	48.5835
2.25	0.55	-0.232182	0	48.5736
2.35	0.55	-0.288526	0	48.5678
2.45	0.55	-0.318639	0	0
0.05	0.65	-0.207305	0	0
0.15	0.65	-0.297499	0	47.7544
0.25	0.65	-0.227254	0	47.7521
0.35	0.65	-0.0507688	0	47.746
2.15	0.65	-0.0687266	0	47.7514
2.25	0.65	-0.231634	0	47.7596
2.35	0.65	-0.290827	0	47.7631
2.45	0.65	-0.148006	0	0
0.05	0.75	-0.297826	0	0
0.15	0.75	-0.300311	0	46.9509
0.25	0.75	-0.234815	0	46.9416
0.35	0.75	-0.0602502	0	46.9219
0.65	0.75	-0.000318509	0	46.7145
0.75	0.75	-0.0057029	0	46.6968
0.85	0.75	-0.00172934	0	46.7021
1.65	0.75	-0.000767653	0	46.716
1.75	0.75	-0.0107842	0	46.7211
2.15	0.75	-0.0799971	0	46.925
2.25	0.75	-0.240926	0	46.9502
2.35	0.75	-0.294035	0	46.9619
2.45	0.75	-0.218069	0	0
0.05	0.85	-0.25965	0	0
0.15	0.85	-0.303608	0	46.1567
0.25	0.85	-0.251214	0	46.1415
0.35	0.85	-0.0816394	0	46.1089
0.65	0.85	-0.0126543	0	45.9861
0.75	0.85	-0.0252171	0	45.9729
0.85	0.85	-0.0263602	0	45.968
0.95	0.85	-0.0142831	0	45.9596
1.55	0.85	-0.0102177	0	45.9641
1.65	0.85	-0.0365948	0	45.9785
1.75	0.85	-0.0353244	0	45.9841
1.85	0.85	-0.00594846	0	45.9829
2.15	0.85	-0.103043	0	46.1113
2.25	0.85	-0.256841	0	46.1542
2.35	0.85	-0.297071	0	46.1724
2.45	0.85	-0.0976271	0	0
0.05	0.95	-0.0393289	0	0
0.15	0.95	-0.303015	0	45.3777
0.25	0.95	-0.267185	0	45.3588
0.35	0.95	-0.116714	0	45.315
0.45	0.95	-0.00510587	0	45.2254
0.65	0.95	-0.0209059	0	45.24
0.75	0.95	-0.0483345	0	45.2405
0.85	0.95	-0.0564414	0	45.2374
0.95	0.95	-0.0595773	0	45.2266
1.55	0.95	-0.0542808	0	45.2369
1.65	0.95	-0.060221	0	45.2497
1.75	0.95	-0.0587087	0	45.2538
1.85	0.95	-0.0114157	0	45.2532
2.05	0.95	-0.0224777	0	45.2852
2.15	0.95	-0.134598	0	45.3445
2.25	0.95	-0.272249	0	45.3829
2.35	0.95	-0.297853	0	45.4012
2.45	0.95	-0.164357	0	0
0.05	1.05	-0.152692	0	0
0.15	1.05	-0.303572	0	44.6175
0.25	1.05	-0.281305	0	44.6012
0.35	1.05	-0.159231	0	44.5668
0.45	1.05	-0.0467978	0	44.5124
0.65	1.05	-0.0160777	0	44.4977
0.75	1.05	-0.0548143	0	44.5118
0.85	1.05	-0.0629245	0	44.5144
0.95	1.05	-0.085093	0	44.511
1.05	1.05	-0.0242875	0	44.5045
1.45	1.05	-0.0185717	0	44.5157
1.55	1.05	-0.0817818	0	44.525
1.65	1.05	-0.059556	0	44.5298
1.75	1.05	-0.0223777	0	44.5282
1.85	1.05	-0.0107208	0	44.5164
2.05	1.05	-0.0560444	0	44.5491
2.15	1.05	-0.171213	0	44.5987
2.25	1.05	-0.284537	0	44.6315
2.35	1.05	-0.287756	0	44.6482
2.45	1.05	-0.0287911	0	0
0.05	1.15	-0.0668532	0	0
0.15	1.15	-0.306089	0	43.8736
0.25	1.15	-0.292948	0	43.8616
0.35	1.15	-0.213443	0	43.8385
0.45	1.15	-0.102028	0	43.8074
0.55	1.15	-0.0289423	0	43.7796
0.65	1.15	-0.0197636	0	43.7881
0.75	1.15	-0.0353798	0	43.7946
0.85	1.15	-0.0534442	0	43.7975
0.95	1.15	-0.0891991	0	43.7984
1.05	1.15	-0.0417813	0	43.8005
1.45	1.15	-0.0188914	0	43.8183
1.55	1.15	-0.0862241	0	43.8175
1.65	1.15	-0.0538065	0	43.8161
1.75	1.15	-0.0166993	0	43.813
1.85	1.15	-0.0126399	0	43.8077
1.95	1.15	-0.00844084	0	43.803
2.05	1.15	-0.0983506	0	43.836
2.15	1.15	-0.210424	0	43.8696
2.25	1.15	-0.289567	0	43.8963
2.35	1.15	-0.265781	0	43.912
2.45	1.15	-0.0696702	0	0
0.05	1.25	-0.0452102	0	0
0.15	1.25	-0.310078	0	43.1416
0.25	1.25	-0.305712	0	43.1333
0.35	1.25	-0.267184	0	43.118
0.45	1.25	-0.146471	0	43.0992
0.55	1.25	-0.0573774	0	43.0838
0.65	1.25	-0.033062	0	43.0806
0.75	1.25	-0.0350089	0	43.0811
0.85	1.25	-0.0561936	0	43.0826
0.95	1.25	-0.09328	0	43.0846
1.05	1.25	-0.0451848	0	43.088
1.45	1.25	-0.0174762	0	43.1167
1.55	1.25	-0.0912525	0	43.1105
1.65	1.25	-0.0645385	0	43.1042
1.75	1.25	-0.0354681	0	43.0998
1.85	1.25	-0.0393628	0	43.0984
1.95	1.25	-0.0602341	0	43.1032
2.05	1.25	-0.14654	0	43.1225
2.15	1.25	-0.243635	0	43.1474
2.25	1.25	-0.280326	0	43.1722
2.35	1.25	-0.216846	0	43.1915
0.15	1.35	-0.291332	0	42.4179
0.25	1.35	-0.309052	0	42.412
0.35	1.35	-0.294527	0	42.4011
0.45	1.35	-0.197246	0	42.3877
0.55	1.35	-0.111229	0	42.3758
0.65	1.35	-0.0757875	0	42.3692
0.75	1.35	-0.065729	0	42.3667
0.85	1.35	-0.0782982	0	42.3671
0.95	1.35	-0.104555	0	42.3696
1.05	1.35	-0.0449352	0	42.3731
1.45	1.35	-0.0111438	0	42.4252
1.55	1.35	-0.0988835	0	42.4038
1.65	1.35	-0.0836502	0	42.3903
1.75	1.35	-0.0638736	0	42.3837
1.85	1.35	-0.0782015	0	42.3829
1.95	1.35	-0.111212	0	42.3888
2.05	1.35	-0.184653	0	42.4034
2.15	1.35	-0.254722	0	42.4251
2.25	1.35	-0.250212	0	42.4536
2.35	1.35	-0.144295	0	42.4902
2.45	1.35	-0.0094591	0	0
0.15	1.45	-0.264976	0	41.7001
0.25	1.45	-0.296983	0	41.6956
0.35	1.45	-0.287623	0	41.6869
0.45	1.45	-0.22923	0	41.6746
0.55	1.45	-0.160679	0	41.6626
0.65	1.45	-0.12204	0	41.6538
0.75	1.45	-0.104611	0	41.6494
0.85	1.45	-0.107658	0	41.6494
0.95	1.45	-0.11766	0	41.6535
1.05	1.45	-0.0396212	0	41.6595
1.55	1.45	-0.10752	0	41.689
1.65	1.45	-0.114036	0	41.6696
1.75	1.45	-0.100558	0	41.6617
1.85	1.45	-0.118588	0	41.6607
1.95	1.45	-0.152606	0	41.6657
2.05	1.45	-0.205878	0	41.6773
2.15	1.45	-0.233853	0	41.696
2.25	1.45	-0.172304	0	41.727
0.15	1.55	-0.23395	0	40.9868
0.25	1.55	-0.272311	0	40.9835
0.35	1.55	-0.178519	0	40.9761
0.45	1.55	-0.210916	0	40.9613
0.55	1.55	-0.180909	0	40.946
0.65	1.55	-0.15264	0	40.9341
0.75	1.55	-0.136556	0	40.9276
0.85	1.55	-0.134993	0	40.9275
0.95	1.55	-0.127348	0	40.9357
1.05	1.55	-0.0228505	0	40.9573
1.55	1.55	-0.103703	0	40.9434
1.65	1.55	-0.146031	0	40.9375
1.75	1.55	-0.138889	0	40.933
1.85	1.55	-0.153511	0	40.9323
1.95	1.55	-0.180783	0	40.9362
2.05	1.55	-0.214246	0	40.9441
2.15	1.55	-0.21683	0	40.9546
2.25	1.55	-0.150771	0	40.9625
0.15	1.65	-0.199062	0	40.2768
0.25	1.65	-0.235269	0	40.2753
0.35	1.65	-0.0864511	0	40.2728
0.45	1.65	-0.166537	0	40.2486
0.55	1.65	-0.1736	0	40.2258
0.65	1.65	-0.162393	0	40.2092
0.75	1.65	-0.152544	0	40.1994
0.85	1.65	-0.149305	0	40.1973
0.95	1.65	-0.11774	0	40.2044
1.55	1.65	-0.0710207	0	40.2049
1.65	1.65	-0.161426	0	40.2039
1.75	1.65	-0.168356	0	40.2003
1.85	1.65	-0.178035	0	40.1996
1.95	1.65	-0.196373	0	40.2025
2.05	1.65	-0.214384	0	40.2083
2.15	1.65	-0.206335	0	40.2157
2.25	1.65	-0.156171	0	40.2211
2.35	1.65	-0.0127304	0	40.2122
0.15	1.75	-0.13576	0	39.5683
0.25	1.75	-0.175131	0	39.5683
0.35	1.75	-0.0207329	0	39.5911
0.45	1.75	-0.115647	0	39.5345
0.55	1.75	-0.147607	0	39.4995
0.65	1.75	-0.152034	0	39.4773
0.75	1.75	-0.148571	0	39.4637
0.85	1.75	-0.140626	0	39.4578
0.95	1.75	-0.0730275	0	39.4551
1.55	1.75	-0.000468262	0	39.4959
1.65	1.75	-0.131533	0	39.4729
1.75	1.75	-0.17391	0	39.4648
1.85	1.75	-0.184429	0	39.4632
1.95	1.75	-0.195758	0	39.4658
2.05	1.75	-0.202521	0	39.471
2.15	1.75	-0.190092	0	39.4787
2.25	1.75	-0.158156	0	39.4941
0.15	1.85	-0.0541686	0	38.8599
0.25	1.85	-0.0865751	0	38.8384
0.45	1.85	-0.0661244	0	38.7988
0.55	1.85	-0.107928	0	38.7606
0.65	1.85	-0.121235	0	38.7366
0.75	1.85	-0.118832	0	38.7203
0.85	1.85	-0.0930834	0	38.7151
1.65	1.85	-0.0319734	0	38.7272
1.75	1.85	-0.124284	0	38.7226
1.85	1.85	-0.152157	0	38.7226
1.95	1.85	-0.1635	0	38.7266
2.05	1.85	-0.163684	0	38.7311
2.15	1.85	-0.150554	0	38.734
2.25	1.85	-0.143803	0	38.733
0.55	1.95	-0.0384274	0	38.0075
0.65	1.95	-0.0518991	0	37.9883
0.75	1.95	-0.0381459	0	37.9658
1.85	1.95	-0.0488497	0	37.9781
1.95	1.95	-0.0715186	0	37.9869
2.05	1.95	-0.0722507	0	37.9928
2.15	1.95	-0.0603369	0	37.9934
2.25	1.95	-0.0682747	0	37.9739
1.05	0.15	-0.00369241	1	52.4498
1.15	0.15	-0.0171687	1	52.4783
1.25	0.15	-0.0306649	1	52.4873
1.35	0.15	-0.0183881	1	52.4781
1.45	0.15	-0.00286776	1	52.4487
0.55	0.25	-0.0244124	1	51.2574
0.65	0.25	-0.101049	1	51.3266
0.75	0.25	-0.129355	1	51.3769
0.85	0.25	-0.147372	1	51.4218
0.95	0.25	-0.164971	1	51.4642
1.05	0.25	-0.183814	1	51.4958
1.15	0.25	-0.203668	1	51.5178
1.25	0.25	-0.223892	1	51.5256
1.35	0.25	-0.205888	1	51.5183
1.45	0.25	-0.184211	1	51.4969
1.55	0.25	-0.163152	1	51.4669
1.65	0.25	-0.143574	1	51.4258
1.75	0.25	-0.123499	1	51.3823
1.85	0.25	-0.0936814	1	51.3314
1.95	0.25	-0.0120922	1	51.26
0.45	0.35	-0.00651621	1	50.3518
0.55	0.35	-0.0932159	1	50.3754
0.65	0.35	-0.132041	1	50.4129
0.75	0.35	-0.141788	1	50.4499
0.85	0.35	-0.154752	1	50.4866
0.95	0.35	-0.176362	1	50.522
1.05	0.35	-0.206212	1	50.5514
1.15	0.35	-0.239532	1	50.5715
1.25	0.35	-0.273952	1	50.579
1.35	0.35	-0.243563	1	50.5726
1.45	0.35	-0.206999	1	50.5537
1.55	0.35	-0.176393	1	50.5255
1.65	0.35	-0.154201	1	50.491
1.75	0.35	-0.139487	1	50.4551
1.85	0.35	-0.127982	1	50.4189
1.95	0.35	-0.0835376	1	50.3826
2.05	0.35	-0.00185286	1	50.3648
0.45	0.45	-0.0381357	1	49.4539
0.55	0.45	-0.0958108	1	49.4794
0.65	0.45	-0.107044	1	49.4999
0.75	0.45	-0.109308	1	49.523
0.85	0.45	-0.12202	1	49.5526
0.95	0.45	-0.150563	1	49.5858
1.05	0.45	-0.194446	1	49.6164
1.15	0.45	-0.244908	1	49.6379
1.25	0.45	-0.296814	1	49.6461
1.35	0.45	-0.250556	1	49.6396
1.45	0.45	-0.193494	1	49.6197
1.55	0.45	-0.149026	1	49.5903
1.65	0.45	-0.121082	1	49.5577
1.75	0.45	-0.107597	1	49.5283
1.85	0.45	-0.10507	1	49.5063
1.95	0.45	-0.0890231	1	49.4866
2.05	0.45	-0.0236316	1	49.4619
0.45	0.55	-0.0401735	1	48.587
0.55	0.55	-0.0745198	1	48.5883
0.65	0.55	-0.0666419	1	48.5842
0.75	0.55	-0.064572	1	48.5898
0.85	0.55	-0.0783761	1	48.6148
0.95	0.55	-0.111661	1	48.6523
1.05	0.55	-0.170209	1	48.6905
1.15	0.55	-0.23959	1	48.7176
1.25	0.55	-0.310175	1	48.728
1.35	0.55	-0.246633	1	48.72
1.45	0.55	-0.166858	1	48.6951
1.55	0.55	-0.108974	1	48.6586
1.65	0.55	-0.0762845	1	48.6209
1.75	0.55	-0.0623981	1	48.5941
1.85	0.55	-0.0659472	1	48.5916
1.95	0.55	-0.0713553	1	48.5956
2.05	0.55	-0.030392	1	48.5935
0.45	0.65	-0.0352049	1	47.7315
0.55	0.65	-0.0496603	1	47.7027
0.65	0.65	-0.0271918	1	47.6589
0.75	0.65	-0.0223259	1	47.6373
0.85	0.65	-0.0350499	1	47.6646
0.95	0.65	-0.0659337	1	47.718
1.05	0.65	-0.139184	1	47.7757
1.15	0.65	-0.228494	1	47.814
1.25	0.65	-0.318754	1	47.8282
1.35	0.65	-0.237999	1	47.8173
1.45	0.65	-0.133626	1	47.7823
1.55	0.65	-0.0649299	1	47.7278
1.65	0.65	-0.0316779	1	47.6734
1.75	0.65	-0.0179628	1	47.6357
1.85	0.65	-0.0273229	1	47.6702
1.95	0.65	-0.0498791	1	47.7106
2.05	0.65	-0.0277782	1	47.7359
0.45	0.75	-0.028295	1	46.8869
0.55	0.75	-0.0315413	1	46.8323
0.95	0.75	-0.0152356	1	46.7795
1.05	0.75	-0.101759	1	46.8802
1.15	0.75	-0.212761	1	46.9345
1.25	0.75	-0.324836	1	46.9534
1.35	0.75	-0.22655	1	46.9386
1.45	0.75	-0.0948518	1	46.889
1.55	0.75	-0.0165519	1	46.797
1.85	0.75	-0.00159179	1	46.7429
1.95	0.75	-0.0359174	1	46.8408
2.05	0.75	-0.0195633	1	46.8838
0.45	0.85	-0.0204541	1	46.0529
0.55	0.85	-0.021041	1	46.0254
1.05	0.85	-0.0563355	1	46.0309
1.15	0.85	-0.192537	1	46.0906
1.25	0.85	-0.330394	1	46.1123
1.35	0.85	-0.213472	1	46.0947
1.45	0.85	-0.0501689	1	46.038
1.95	0.85	-0.0292518	1	46.0258
2.05	0.85	-0.00323351	1	46.0205
0.55	0.95	-0.0149716	1	45.2351
1.05	0.95	-0.00196392	1	45.198
1.15	0.95	-0.16893	1	45.2846
1.25	0.95	-0.336281	1	45.3105
1.35	0.95	-0.199243	1	45.2899
1.45	0.95	-0.00188011	1	45.2082
1.95	0.95	-0.0134298	1	45.2611
0.55	1.05	-0.00111711	1	44.4494
1.15	1.05	-0.15443	1	44.5394
1.25	1.05	-0.344373	1	44.5552
1.35	1.05	-0.189823	1	44.5463
1.95	1.05	-0.000339235	1	44.4761
1.15	1.15	-0.141016	1	43.8148
1.25	1.15	-0.351499	1	43.8247
1.35	1.15	-0.187884	1	43.8251
1.15	1.25	-0.133091	1	43.0955
1.25	1.25	-0.357981	1	43.1037
1.35	1.25	-0.194745	1	43.1113
2.45	1.25	-0.0708192	1	0
0.05	1.35	-0.13356	1	0
1.15	1.35	-0.133636	1	42.3761
1.25	1.35	-0.363094	1	42.3835
1.35	1.35	-0.208626	1	42.3994
0.05	1.45	-0.118572	1	0
1.15	1.45	-0.143393	1	41.6524
1.25	1.45	-0.366172	1	41.6547
1.35	1.45	-0.228198	1	41.6774
1.45	1.45	-0.00154045	1	41.7395
2.35	1.45	-0.01533	1	41.7982
2.45	1.45	-0.0196124	1	0
0.05	1.55	-0.0376009	1	0
1.15	1.55	-0.166519	1	40.9188
1.25	1.55	-0.369559	1	40.9055
1.35	1.55	-0.251264	1	40.916
1.45	1.55	-0.0304618	1	40.9422
2.35	1.55	-0.0114277	1	40.947
2.45	1.55	-0.192906	1	0
0.05	1.65	-0.0991198	1	0
1.05	1.65	-0.00830016	1	40.2303
1.15	1.65	-0.205608	1	40.1583
1.25	1.65	-0.374236	1	40.1326
1.35	1.65	-0.293799	1	40.139
1.45	1.65	-0.0949489	1	40.1694
2.45	1.65	-0.109287	1	0
0.05	1.75	-0.221147	1	0
1.05	1.75	-0.0779218	1	39.406
1.15	1.75	-0.255612	1	39.3516
1.25	1.75	-0.379019	1	39.3277
1.35	1.75	-0.342357	1	39.3378
1.45	1.75	-0.181751	1	39.3865
2.35	1.75	-0.00281158	1	39.5442
2.45	1.75	-0.224188	1	0
0.05	1.85	-0.193899	1	0
0.35	1.85	-0.0387437	1	38.8206
0.95	1.85	-0.0117936	1	38.7008
1.05	1.85	-0.169839	1	38.5788
1.15	1.85	-0.307529	1	38.5143
1.25	1.85	-0.38611	1	38.4887
1.35	1.85	-0.381042	1	38.498
1.45	1.85	-0.271415	1	38.5429
1.55	1.85	-0.115686	1	38.6262
2.35	1.85	-0.0230515	1	38.7295
2.45	1.85	-0.267456	1	0
0.05	1.95	-0.378669	1	0
0.15	1.95	-0.065545	1	38.0116
0.25	1.95	-0.032508	1	38.0168
0.35	1.95	-0.0849737	1	37.9646
0.45	1.95	-0.021149	1	38.0079
0.85	1.95	-0.0263981	1	37.9114
0.95	1.95	-0.144745	1	37.7864
1.05	1.95	-0.26853	1	37.694
1.15	1.95	-0.35318	1	37.6381
1.25	1.95	-0.393597	1	37.6149
1.35	1.95	-0.409505	1	37.6225
1.45	1.95	-0.344439	1	37.6608
1.55	1.95	-0.244776	1	37.7307
1.65	1.95	-0.124613	1	37.8347
1.75	1.95	-0.0117249	1	37.9482
2.35	1.95	-0.0845935	1	37.9101
2.45	1.95	-0.33694	1	0
0.05	2.05	-0.271541	1	0
0.15	2.05	-0.154045	1	37.025
0.25	2.05	-0.134134	1	37.0233
0.35	2.05	-0.147513	1	37.0129
0.45	2.05	-0.119747	1	37.0284
0.55	2.05	-0.0872278	1	37.0548
0.65	2.05	-0.0819621	1	37.0478
0.75	2.05	-0.114998	1	37
0.85	2.05	-0.187104	1	36.9212
0.95	2.05	-0.271567	1	36.8395
1.05	2.05	-0.345961	1	36.7729
1.15	2.05	-0.38631	1	36.7292
1.25	2.05	-0.400157	1	36.7103
1.35	2.05	-0.431285	1	36.7164
1.45	2.05	-0.390224	1	36.7471
1.55	2.05	-0.334515	1	36.8011
1.65	2.05	-0.267008	1	36.8745
1.75	2.05	-0.188055	1	36.9556
1.85	2.05	-0.115823	1	37.0334
1.95	2.05	-0.078117	1	37.0854
2.05	2.05	-0.0684706	1	37.1069
2.15	2.05	-0.0746411	1	37.102
2.25	2.05	-0.0793268	1	37.0795
2.35	2.05	-0.174574	1	37.0171
2.45	2.05	-0.331674	1	0
0.05	2.15	-0.353553	1	0
0.15	2.15	-0.240434	1	36.0401
0.25	2.15	-0.224148	1	36.0385
0.35	2.15	-0.223815	1	36.0354
0.45	2.15	-0.216096	1	36.0379
0.55	2.15	-0.210599	1	36.0394
0.65	2.15	-0.222116	1	36.0242
0.75	2.15	-0.25695	1	35.9873
0.85	2.15	-0.306621	1	35.934
0.95	2.15	-0.356522	1	35.8773
1.05	2.15	-0.396636	1	35.8288
1.15	2.15	-0.4099	1	35.7954
1.25	2.15	-0.405464	1	35.7807
1.35	2.15	-0.451601	1	35.7857
1.45	2.15	-0.418439	1	35.8102
1.55	2.15	-0.383227	1	35.852
1.65	2.15	-0.349716	1	35.9066
1.75	2.15	-0.310205	1	35.9664
1.85	2.15	-0.264517	1	36.0222
1.95	2.15	-0.229907	1	36.0635
2.05	2.15	-0.21323	1	36.0859
2.15	2.15	-0.211811	1	36.0903
2.25	2.15	-0.223056	1	36.0809
2.35	2.15	-0.269559	1	36.0617
2.45	2.15	-0.353553	1	0
0.05	2.25	-0.254951	1	0
0.15	2.25	-0.272925	1	35.0568
0.25	2.25	-0.279958	1	35.0552
0.35	2.25	-0.289109	1	35.0522
0.45	2.25	-0.298367	1	35.0486
0.55	2.25	-0.310766	1	35.0406
0.65	2.25	-0.330429	1	35.0221
0.75	2.25	-0.358742	1	34.9909
0.85	2.25	-0.387913	1	34.9502
0.95	2.25	-0.411653	1	34.9072
1.05	2.25	-0.430438	1	34.8695
1.15	2.25	-0.427472	1	34.843
1.25	2.25	-0.409562	1	34.8312
1.35	2.25	-0.472789	1	34.8357
1.45	2.25	-0.441191	1	34.856
1.55	2.25	-0.415662	1	34.89
1.65	2.25	-0.397402	1	34.9336
1.75	2.25	-0.377291	1	34.9811
1.85	2.25	-0.354234	1	35.0255
1.95	2.25	-0.330785	1	35.0606
2.05	2.25	-0.312328	1	35.0829
2.15	2.25	-0.301013	1	35.0924
2.25	2.25	-0.296824	1	35.0921
2.35	2.25	-0.300192	1	35.0871
2.45	2.25	-0.254951	1	0
0.05	2.35	-0.158114	1	0
0.15	2.35	-0.216875	1	34.0751
0.25	2.35	-0.247522	1	34.0733
0.35	2.35	-0.277149	1	34.0697
0.45	2.35	-0.308116	1	34.0635
0.55	2.35	-0.337835	1	34.0523
0.65	2.35	-0.362087	1	34.0329
0.75	2.35	-0.37913	1	34.0042
0.85	2.35	-0.394998	1	33.9687
0.95	2.35	-0.415577	1	33.9316
1.05	2.35	-0.441263	1	33.899
1.15	2.35	-0.433413	1	33.8759
1.25	2.35	-0.414207	1	33.8656
1.35	2.35	-0.492846	1	33.8698
1.45	2.35	-0.45743	1	33.888
1.55	2.35	-0.439717	1	33.9183
1.65	2.35	-0.432881	1	33.9569
1.75	2.35	-0.409337	1	33.9987
1.85	2.35	-0.385527	1	34.0382
1.95	2.35	-0.35309	1	34.0705
2.05	2.35	-0.31891	1	34.0925
2.15	2.35	-0.285251	1	34.1043
2.25	2.35	-0.254278	1	34.108
2.35	2.35	-0.22429	1	34.1076
2.45	2.35	-0.158114	1	0
0.05	2.45	-0.0707106	1	0
0.15	2.45	-0.158114	1	0
0.25	2.45	-0.254951	1	0
0.35	2.45	-0.353553	1	0
0.45	2.45	-0.399695	1	0
0.55	2.45	-0.485199	1	0
0.65	2.45	-0.435681	1	0
0.75	2.45	-0.38066	1	0
0.85	2.45	-0.474435	1	0
0.95	2.45	-0.488801	1	0
1.05	2.45	-0.514941	1	0
1.15	2.45	-0.401877	1	0
1.25	2.45	-0.434458	1	0
1.35	2.45	-0.5107	1	0
1.45	2.45	-0.435025	1	0
1.55	2.45	-0.405216	1	0
1.65	2.45	-0.572653	1	0
1.75	2.45	-0.392901	1	0
1.85	2.45	-0.50206	1	0
1.95	2.45	-0.396582	1	0
2.05	2.45	-0.412696	1	0
2.15	2.45	-0.353553	1	0
2.25	2.45	-0.254951	1	0
2.35	2.45	-0.158114	1	0
2.45	2.45	-0.0707106	1	0
