# BEGIN VELOCITY DATASET
#BLOCK HEADER time:0
#x	y	u	v

0.05	0.05	0	0
0.15	0.05	0	0
0.25	0.05	0	0
0.35	0.05	0	0
0.45	0.05	0	0
0.55	0.05	0	0
0.65	0.05	0	0
0.75	0.05	0	0
0.85	0.05	0	0
0.95	0.05	0	0
1.05	0.05	0	0
1.15	0.05	0	0
1.25	0.05	0	0
1.35	0.05	0	0
1.45	0.05	0	0
1.55	0.05	0	0
1.65	0.05	0	0
1.75	0.05	0	0
1.85	0.05	0	0
1.95	0.05	0	0
2.05	0.05	0	0
2.15	0.05	0	0
2.25	0.05	0	0
2.35	0.05	0	0
2.45	0.05	0	0
0.05	0.15	0	0
0.15	0.15	-0.0239079	0.0239077
0.25	0.15	-0.0707413	0.0229241
0.35	0.15	-0.11454	0.0208692
0.45	0.15	-0.153016	0.0175999
0.55	0.15	-0.183606	0.0129865
0.65	0.15	-0.20361	0.00701244
0.75	0.15	-0.210508	-0.000122812
0.85	0.15	-0.202461	-0.00793067
0.95	0.15	-0.178877	-0.0156589
1.05	0.15	-0.140817	-0.022407
1.15	0.15	-0.0911087	-0.027304
1.25	0.15	-0.0341589	-0.0296508
1.35	0.15	0.0245185	-0.0290337
1.45	0.15	0.0789058	-0.0253582
1.55	0.15	0.123372	-0.0191132
1.65	0.15	0.153856	-0.0113756
1.75	0.15	0.168598	-0.00337179
1.85	0.15	0.168039	0.00392424
1.95	0.15	0.154173	0.00993865
2.05	0.15	0.129746	0.0144815
2.15	0.15	0.0976339	0.0176233
2.25	0.15	0.0604589	0.0195497
2.35	0.15	0.0204542	0.0204541
2.45	0.15	0	0
0.05	0.25	0	0
0.15	0.25	-0.0248914	0.0727043
0.25	0.25	-0.0737797	0.0698449
0.35	0.25	-0.119864	0.0638258
0.45	0.25	-0.160898	0.0541473
0.55	0.25	-0.194193	0.0403241
0.65	0.25	-0.21672	0.0222012
0.75	0.25	-0.225451	0.000311535
0.85	0.25	-0.217997	-0.02387
0.95	0.25	-0.193353	-0.0479535
1.05	0.25	-0.152462	-0.06907
1.15	0.25	-0.0983526	-0.0844599
1.25	0.25	-0.0358886	-0.0919143
1.35	0.25	0.028811	-0.0901533
1.45	0.25	0.0888263	-0.0786439
1.55	0.25	0.137355	-0.0588299
1.65	0.25	0.169597	-0.0343904
1.75	0.25	0.183898	-0.00940245
1.85	0.25	0.18135	0.0130523
1.95	0.25	0.16473	0.031292
2.05	0.25	0.137431	0.0448538
2.15	0.25	0.102702	0.0540848
2.25	0.25	0.0632898	0.0596682
2.35	0.25	0.0213586	0.0622666
2.45	0.25	0	0
0.05	0.35	0	0
0.15	0.35	-0.0267673	0.124356
0.25	0.35	-0.0796199	0.119926
0.35	0.35	-0.130238	0.110445
0.45	0.35	-0.176517	0.09484
0.55	0.35	-0.215552	0.071961
0.65	0.35	-0.243623	0.0411601
0.75	0.35	-0.25658	0.00304095
0.85	0.35	-0.250726	-0.0399044
0.95	0.35	-0.224077	-0.0832125
1.05	0.35	-0.177323	-0.121456
1.15	0.35	-0.113953	-0.149555
1.25	0.35	-0.0398523	-0.163387
1.35	0.35	0.0377888	-0.161018
1.45	0.35	0.110229	-0.140233
1.55	0.35	0.167626	-0.103169
1.65	0.35	0.203283	-0.0579509
1.75	0.35	0.216041	-0.0128945
1.85	0.35	0.208733	0.0264007
1.95	0.35	0.185975	0.0573206
2.05	0.35	0.152539	0.0795624
2.15	0.35	0.112448	0.0941945
2.25	0.35	0.0686409	0.102773
2.35	0.35	0.0230527	0.106673
2.45	0.35	0	0
0.05	0.45	0	0
0.15	0.45	-0.0293217	0.180439
0.25	0.45	-0.0876915	0.175061
0.35	0.45	-0.14495	0.163188
0.45	0.45	-0.199382	0.142808
0.55	0.45	-0.247873	0.111517
0.65	0.45	-0.28564	0.0674415
0.75	0.45	-0.306516	0.0105923
0.85	0.45	-0.30425	-0.0555781
0.95	0.45	-0.274904	-0.123538
1.05	0.45	-0.218804	-0.183984
1.15	0.45	-0.140284	-0.228915
1.25	0.45	-0.0473522	-0.25106
1.35	0.45	0.0519648	-0.250303
1.45	0.45	0.146676	-0.218103
1.55	0.45	0.219637	-0.155656
1.65	0.45	0.259872	-0.0813549
1.75	0.45	0.268249	-0.0106276
1.85	0.45	0.251565	0.0481285
1.95	0.45	0.217892	0.0920237
2.05	0.45	0.174305	0.121875
2.15	0.45	0.125913	0.140363
2.25	0.45	0.0757684	0.150562
2.35	0.45	0.0252583	0.154977
2.45	0.45	0	0
0.05	0.55	0	0
0.15	0.55	-0.0321455	0.241902
0.25	0.55	-0.0968703	0.236687
0.35	0.55	-0.16249	0.224442
0.45	0.55	-0.228189	0.201688
0.55	0.55	-0.290919	0.163859
0.65	0.55	-0.344547	0.106494
0.75	0.55	-0.379599	0.0274691
0.85	0.55	-0.384856	-0.0694614
0.95	0.55	-0.352483	-0.171375
1.05	0.55	-0.2827	-0.262033
1.15	0.55	-0.181029	-0.331055
1.25	0.55	-0.0612405	-0.361639
1.35	0.55	0.070746	-0.371031
1.45	0.55	0.204876	-0.326216
1.55	0.55	0.304374	-0.22
1.65	0.55	0.348312	-0.101184
1.75	0.55	0.345524	0.00360857
1.85	0.55	0.311385	0.0847148
1.95	0.55	0.259721	0.140771
2.05	0.55	0.200878	0.175556
2.15	0.55	0.141136	0.194817
2.25	0.55	0.0832548	0.204134
2.35	0.55	0.0274673	0.207698
2.45	0.55	0	0
0.05	0.65	0	0
0.15	0.65	-0.0345369	0.308582
0.25	0.65	-0.105151	0.305342
0.35	0.65	-0.179949	0.296201
0.45	0.65	-0.259965	0.275642
0.55	0.65	-0.343068	0.235737
0.65	0.65	-0.42203	0.167207
0.75	0.65	-0.482471	0.062249
0.85	0.65	-0.503094	-0.078361
0.95	0.65	-0.467476	-0.230463
1.05	0.65	-0.378484	-0.36172
1.15	0.65	-0.23989	-0.471637
1.25	0.65	-0.0873283	-0.493404
1.35	0.65	0.0873882	-0.545971
1.45	0.65	0.297707	-0.495729
1.55	0.65	0.444668	-0.296951
1.65	0.65	0.483481	-0.106985
1.75	0.65	0.454149	0.0415339
1.85	0.65	0.388727	0.14635
1.95	0.65	0.308733	0.210792
2.05	0.65	0.228351	0.244765
2.15	0.65	0.154491	0.259212
2.25	0.65	0.0886501	0.263459
2.35	0.65	0.0288231	0.263983
2.45	0.65	0	0
0.05	0.75	0	0
0.15	0.75	-0.0353851	0.378497
0.25	0.75	-0.109251	0.379904
0.35	0.75	-0.19219	0.379379
0.45	0.75	-0.288653	0.368941
0.55	0.75	-0.399354	0.336243
0.65	0.75	-0.518036	0.264349
0.75	0.75	-0.625167	0.132675
0.85	0.75	-0.677568	-0.0757683
0.95	0.75	-0.635842	-0.310399
1.05	0.75	-0.517544	-0.48907
1.15	0.75	-0.30826	-0.692162
1.25	0.75	-0.103089	-0.630611
1.35	0.75	0.0931877	-0.779761
1.45	0.75	0.397128	-0.776205
1.55	0.75	0.645946	-0.412253
1.65	0.75	0.686797	-0.0713433
1.75	0.75	0.598859	0.123165
1.85	0.75	0.480643	0.248359
1.95	0.75	0.358136	0.311283
2.05	0.75	0.249298	0.333496
2.15	0.75	0.159829	0.333809
2.25	0.75	0.088027	0.326507
2.35	0.75	0.0279925	0.320792
2.45	0.75	0	0
0.05	0.85	0	0
0.15	0.85	-0.0331304	0.447004
0.25	0.85	-0.10427	0.456397
0.35	0.85	-0.190912	0.472471
0.45	0.85	-0.303101	0.484501
0.55	0.85	-0.447659	0.475942
0.65	0.85	-0.625598	0.42127
0.75	0.85	-0.822589	0.279876
0.85	0.85	-0.876772	-0.116387
0.95	0.85	-0.647342	-0.540939
1.05	0.85	-0.375165	-0.649
1.15	0.85	-0.190922	-0.925751
1.25	0.85	-0.0295318	-0.763587
1.35	0.85	0.0903224	-0.96292
1.45	0.85	0.251099	-1.05776
1.55	0.85	0.527575	-0.655983
1.65	0.85	0.783657	-0.124547
1.75	0.85	0.773851	0.274106
1.85	0.85	0.576846	0.412641
1.95	0.85	0.39387	0.452486
2.05	0.85	0.250876	0.444124
2.15	0.85	0.147501	0.41602
2.25	0.85	0.0756345	0.387962
2.35	0.85	0.0231095	0.371891
2.45	0.85	0	0
0.05	0.95	0	0
0.15	0.95	-0.0259916	0.506119
0.25	0.95	-0.083784	0.52621
0.35	0.95	-0.164086	0.569604
0.45	0.95	-0.285182	0.620652
0.55	0.95	-0.462585	0.661753
0.65	0.95	-0.714102	0.664913
0.75	0.95	-0.86857	0.387693
0.85	0.95	-0.588363	-0.45023
0.95	0.95	-0.162629	-0.862262
1.05	0.95	0.0477915	-0.810274
1.15	0.95	0.0686642	-0.969592
1.25	0.95	0.0488555	-0.861327
1.35	0.95	0.0493207	-0.9855
1.45	0.95	-0.0583801	-1.08826
1.55	0.95	-0.0400164	-0.920324
1.65	0.95	0.36723	-0.523534
1.75	0.95	0.750505	0.299624
1.85	0.95	0.659023	0.675614
1.95	0.95	0.389619	0.641895
2.05	0.95	0.212832	0.574496
2.15	0.95	0.103668	0.498185
2.25	0.95	0.0438991	0.437434
2.35	0.95	0.011922	0.406917
2.45	0.95	0	0
0.05	1.05	0	0
0.15	1.05	-0.0130391	0.545142
0.25	1.05	-0.0407849	0.572721
0.35	1.05	-0.09647	0.659081
0.45	1.05	-0.210952	0.766748
0.55	1.05	-0.403399	0.885506
0.65	1.05	-0.719151	1.00843
0.75	1.05	-0.470625	-0.0498839
0.85	1.05	0.0757276	-0.839217
0.95	1.05	0.13449	-0.95777
1.05	1.05	0.088899	-0.879593
1.15	1.05	0.0634789	-0.895727
1.25	1.05	0.030765	-0.882668
1.35	1.05	-0.0100607	-0.923798
1.45	1.05	-0.0888238	-0.963494
1.55	1.05	-0.187813	-0.96446
1.65	1.05	-0.212758	-0.8617
1.75	1.05	0.310906	-0.269146
1.85	1.05	0.608798	1.03797
1.95	1.05	0.292752	0.864983
2.05	1.05	0.107166	0.713785
2.15	1.05	0.0104391	0.564791
2.25	1.05	-0.0156326	0.45667
2.35	1.05	-0.00740597	0.411425
2.45	1.05	0	0
0.05	1.15	0	0
0.15	1.15	0.00158741	0.55659
0.25	1.15	0.030155	0.560445
0.35	1.15	0.0299406	0.727254
0.45	1.15	-0.0587563	0.901756
0.55	1.15	-0.220901	1.10509
0.65	1.15	-0.235625	1.11934
0.75	1.15	0.064231	-0.709156
0.85	1.15	0.239817	-0.901882
0.95	1.15	0.166478	-0.880528
1.05	1.15	0.109835	-0.854603
1.15	1.15	0.0655898	-0.851054
1.25	1.15	0.0207843	-0.849821
1.35	1.15	-0.0315051	-0.86353
1.45	1.15	-0.0990418	-0.877461
1.55	1.15	-0.173939	-0.876606
1.65	1.15	-0.239277	-0.859273
1.75	1.15	-0.232342	-0.802166
1.85	1.15	-0.0232635	1.06404
1.95	1.15	0.0654305	1.06628
2.05	1.15	-0.0873601	0.850866
2.15	1.15	-0.153447	0.590525
2.25	1.15	-0.109465	0.413025
2.35	1.15	-0.0333218	0.370691
2.45	1.15	0	0
0.05	1.25	0	0
0.15	1.25	-0.0091843	0.564183
0.25	1.25	0.129879	0.385215
0.35	1.25	0.244841	0.787737
0.45	1.25	0.166881	1.00793
0.55	1.25	-0.0173668	1.3453
0.65	1.25	0.179526	0.696965
0.75	1.25	0.426862	-0.833959
0.85	1.25	0.278591	-0.804387
0.95	1.25	0.181769	-0.807858
1.05	1.25	0.118373	-0.807235
1.15	1.25	0.0682605	-0.804065
1.25	1.25	0.0182893	-0.802033
1.35	1.25	-0.0377007	-0.803038
1.45	1.25	-0.1019	-0.806215
1.55	1.25	-0.169625	-0.805231
1.65	1.25	-0.238936	-0.796
1.75	1.25	-0.494099	-0.617202
1.85	1.25	-0.586265	0.762176
1.95	1.25	-0.356228	1.04941
2.05	1.25	-0.256857	0.921148
2.15	1.25	-0.188203	0.517681
2.25	1.25	-0.0764207	0.330108
2.35	1.25	-0.0181638	0.319207
2.45	1.25	0	0
0.05	1.35	0	0
0.15	1.35	0.065557	0.507802
0.25	1.35	0.168738	0.199347
0.35	1.35	0.324752	0.702629
0.45	1.35	0.498809	0.996941
0.55	1.35	0.645972	1.39338
0.65	1.35	0.749564	0.348403
0.75	1.35	0.575747	-0.558913
0.85	1.35	0.301015	-0.656432
0.95	1.35	0.172467	-0.730443
1.05	1.35	0.113628	-0.762414
1.15	1.35	0.0707917	-0.755939
1.25	1.35	0.0218115	-0.751208
1.35	1.35	-0.0356873	-0.740375
1.45	1.35	-0.101235	-0.739131
1.55	1.35	-0.170147	-0.735679
1.65	1.35	-0.296702	-0.669686
1.75	1.35	-0.648352	-0.136703
1.85	1.35	-0.789489	0.51497
1.95	1.35	-0.503179	0.780273
2.05	1.35	-0.17302	0.760769
2.15	1.35	0.0139864	0.4224
2.25	1.35	0.0204069	0.307186
2.35	1.35	0.00161864	0.302665
2.45	1.35	0	0
0.05	1.45	0	0
0.15	1.45	0.0429791	0.399263
0.25	1.45	0.0106182	0.237066
0.35	1.45	0.0179018	0.501617
0.45	1.45	0.261159	0.780644
0.55	1.45	0.690176	1.0335
0.65	1.45	0.974406	0.320465
0.75	1.45	0.841537	-0.224285
0.85	1.45	0.51844	-0.393237
0.95	1.45	0.268369	-0.615023
1.05	1.45	0.150049	-0.700676
1.15	1.45	0.0803718	-0.705166
1.25	1.45	0.0338543	-0.706482
1.35	1.45	-0.0278096	-0.665932
1.45	1.45	-0.128644	-0.647188
1.55	1.45	-0.268852	-0.618497
1.65	1.45	-0.494962	-0.434201
1.75	1.45	-0.644546	0.129041
1.85	1.45	-0.585269	0.33108
1.95	1.45	-0.404702	0.497294
2.05	1.45	-0.189933	0.498832
2.15	1.45	-0.064143	0.371538
2.25	1.45	-0.0268541	0.314336
2.35	1.45	-0.00841733	0.295867
2.45	1.45	0	0
0.05	1.55	0	0
0.15	1.55	0.0210414	0.335245
0.25	1.55	0.04058	0.313911
0.35	1.55	0.0681889	0.389889
0.45	1.55	0.196496	0.520825
0.55	1.55	0.471498	0.589309
0.65	1.55	0.692662	0.259269
0.75	1.55	0.702044	-0.0395971
0.85	1.55	0.635481	-0.188265
0.95	1.55	0.485825	-0.42027
1.05	1.55	0.287627	-0.578912
1.15	1.55	0.145747	-0.615368
1.25	1.55	0.0394775	-0.643488
1.35	1.55	-0.0751808	-0.552598
1.45	1.55	-0.228168	-0.506697
1.55	1.55	-0.408307	-0.43864
1.65	1.55	-0.565227	-0.231025
1.75	1.55	-0.570384	0.0806078
1.85	1.55	-0.461786	0.211639
1.95	1.55	-0.337929	0.312316
2.05	1.55	-0.208322	0.339435
2.15	1.55	-0.112139	0.308959
2.25	1.55	-0.0552643	0.282752
2.35	1.55	-0.0168503	0.270601
2.45	1.55	0	0
0.05	1.65	0	0
0.15	1.65	0.0216453	0.292561
0.25	1.65	0.0638677	0.294835
0.35	1.65	0.1213	0.323924
0.45	1.65	0.222856	0.356933
0.55	1.65	0.367637	0.33342
0.65	1.65	0.484101	0.177531
0.75	1.65	0.51625	0.000611126
0.85	1.65	0.492935	-0.138593
0.95	1.65	0.440901	-0.268251
1.05	1.65	0.330968	-0.422801
1.15	1.65	0.178583	-0.47721
1.25	1.65	0.0130223	-0.509814
1.35	1.65	-0.130107	-0.428484
1.45	1.65	-0.235145	-0.372784
1.55	1.65	-0.335723	-0.291839
1.65	1.65	-0.404288	-0.152339
1.75	1.65	-0.405931	0.00872425
1.85	1.65	-0.35356	0.122551
1.95	1.65	-0.276905	0.200892
2.05	1.65	-0.19329	0.237639
2.15	1.65	-0.120826	0.242108
2.25	1.65	-0.0652124	0.237115
2.35	1.65	-0.0205683	0.233184
2.45	1.65	0	0
0.05	1.75	0	0
0.15	1.75	0.0233158	0.247603
0.25	1.75	0.0719435	0.248944
0.35	1.75	0.130287	0.254038
0.45	1.75	0.205993	0.249557
0.55	1.75	0.292097	0.20991
0.65	1.75	0.359853	0.116823
0.75	1.75	0.385921	0.00310326
0.85	1.75	0.372864	-0.104713
0.95	1.75	0.327744	-0.204974
1.05	1.75	0.247717	-0.29612
1.15	1.75	0.141664	-0.345455
1.25	1.75	0.026169	-0.360514
1.35	1.75	-0.0806374	-0.32785
1.45	1.75	-0.169053	-0.279964
1.55	1.75	-0.241507	-0.211626
1.65	1.75	-0.287468	-0.118024
1.75	1.75	-0.295494	-0.015924
1.85	1.75	-0.269619	0.0689506
1.95	1.75	-0.22284	0.13106
2.05	1.75	-0.167106	0.168121
2.15	1.75	-0.112663	0.184721
2.25	1.75	-0.0641885	0.190415
2.35	1.75	-0.020781	0.191836
2.45	1.75	0	0
0.05	1.85	0	0
0.15	1.85	0.022987	0.201302
0.25	1.85	0.0703027	0.199305
0.35	1.85	0.121913	0.193727
0.45	1.85	0.178728	0.177347
0.55	1.85	0.234903	0.139837
0.65	1.85	0.277294	0.0767481
0.75	1.85	0.294714	-0.000309192
0.85	1.85	0.284858	-0.0783904
0.95	1.85	0.249494	-0.150813
1.05	1.85	0.190488	-0.211247
1.15	1.85	0.114189	-0.247979
1.25	1.85	0.0306271	-0.258933
1.35	1.85	-0.0495575	-0.24244
1.45	1.85	-0.118921	-0.207594
1.55	1.85	-0.173783	-0.156678
1.65	1.85	-0.208586	-0.0922056
1.75	1.85	-0.218957	-0.0233461
1.85	1.85	-0.206577	0.0381168
1.95	1.85	-0.177735	0.0862758
2.05	1.85	-0.139629	0.119064
2.15	1.85	-0.0985328	0.138242
2.25	1.85	-0.0580972	0.147982
2.35	1.85	-0.0191468	0.151911
2.45	1.85	0	0
0.05	1.95	0	0
0.15	1.95	0.021319	0.156996
0.25	1.95	0.0643691	0.153249
0.35	1.95	0.108329	0.144216
0.45	1.95	0.152103	0.12627
0.55	1.95	0.191498	0.0953428
0.65	1.95	0.219706	0.0506432
0.75	1.95	0.230782	-0.00270054
0.85	1.95	0.22236	-0.0577205
0.95	1.95	0.194887	-0.108647
1.05	1.95	0.150552	-0.150073
1.15	1.95	0.0939785	-0.176277
1.25	1.95	0.031708	-0.1848
1.35	1.95	-0.0292985	-0.175383
1.45	1.95	-0.0832914	-0.151293
1.55	1.95	-0.126119	-0.11529
1.65	1.95	-0.154136	-0.0707754
1.75	1.95	-0.165172	-0.0233703
1.85	1.95	-0.159997	0.0205851
1.95	1.95	-0.141893	0.0568637
2.05	1.95	-0.115139	0.0836158
2.15	1.95	-0.0837454	0.1012
2.25	1.95	-0.0505194	0.111362
2.35	1.95	-0.0168519	0.115916
2.45	1.95	0	0
0.05	2.05	0	0
0.15	2.05	0.0192397	0.116441
0.25	2.05	0.057523	0.112475
0.35	2.05	0.0949338	0.103619
0.45	2.05	0.129855	0.088172
0.55	2.05	0.159277	0.0646238
0.65	2.05	0.179251	0.0331829
0.75	2.05	0.18635	-0.00341574
0.85	2.05	0.178911	-0.0411458
0.95	2.05	0.157142	-0.0759792
1.05	2.05	0.122858	-0.104122
1.15	2.05	0.0794623	-0.122257
1.25	2.05	0.0315208	-0.12861
1.35	2.05	-0.0160507	-0.122998
1.45	2.05	-0.0588279	-0.106906
1.55	2.05	-0.0932654	-0.0824135
1.65	2.05	-0.116667	-0.052235
1.75	2.05	-0.127597	-0.0199437
1.85	2.05	-0.126343	0.0107272
1.95	2.05	-0.114704	0.0369794
2.05	2.05	-0.095292	0.057333
2.15	2.05	-0.0707867	0.0715811
2.25	2.05	-0.0433813	0.0803521
2.35	2.05	-0.0145926	0.0844723
2.45	2.05	0	0
0.05	2.15	0	0
0.15	2.15	0.0173536	0.0798491
0.25	2.15	0.0515472	0.076591
0.35	2.15	0.0840261	0.069611
0.45	2.15	0.113108	0.0581761
0.55	2.15	0.136509	0.0417966
0.65	2.15	0.151667	0.0208773
0.75	2.15	0.156454	-0.00299494
0.85	2.15	0.149796	-0.0274697
0.95	2.15	0.131912	-0.0500016
1.05	2.15	0.104274	-0.0681803
1.15	2.15	0.06949	-0.080019
1.25	2.15	0.0309663	-0.0843809
1.35	2.15	-0.00759459	-0.081094
1.45	2.15	-0.0427066	-0.0709224
1.55	2.15	-0.0714474	-0.055218
1.65	2.15	-0.0916665	-0.0358075
1.75	2.15	-0.10221	-0.0148971
1.85	2.15	-0.103074	0.00528998
1.95	2.15	-0.0952874	0.0229926
2.05	2.15	-0.0805377	0.0371561
2.15	2.15	-0.0607263	0.0474392
2.25	2.15	-0.037628	0.0539936
2.35	2.15	-0.0127316	0.0571493
2.45	2.15	0	0
0.05	2.25	0	0
0.15	2.25	0.0159816	0.0465157
0.25	2.25	0.0472849	0.0444302
0.35	2.25	0.0765189	0.0400598
0.45	2.25	0.10204	0.0331265
0.55	2.25	0.121978	0.0235083
0.65	2.25	0.13446	0.0115247
0.75	2.25	0.138003	-0.00197178
0.85	2.25	0.131905	-0.0157363
0.95	2.25	0.116431	-0.0283781
1.05	2.25	0.0928408	-0.0385763
1.15	2.25	0.0632617	-0.0452596
1.25	2.25	0.0304459	-0.0477979
1.35	2.25	-0.00259218	-0.046077
1.45	2.25	-0.0329519	-0.0404709
1.55	2.25	-0.0581505	-0.0317292
1.65	2.25	-0.0763456	-0.0208814
1.75	2.25	-0.0864993	-0.00912694
1.85	2.25	-0.088453	0.00234025
1.95	2.25	-0.082838	0.0125438
2.05	2.25	-0.0708454	0.0208618
2.15	2.25	-0.0539492	0.0270261
2.25	2.25	-0.0336711	0.0310298
2.35	2.25	-0.0114368	0.0329861
2.45	2.25	0	0
0.05	2.35	0	0
0.15	2.35	0.0152682	0.0152681
0.25	2.35	0.0450913	0.0145547
0.35	2.35	0.0727222	0.0130746
0.45	2.35	0.0965561	0.0107581
0.55	2.35	0.114907	0.00759067
0.65	2.35	0.126186	0.003687
0.75	2.35	0.129192	-0.000682284
0.85	2.35	0.12339	-0.00512376
0.95	2.35	0.109071	-0.00919687
1.05	2.35	0.0873926	-0.0124834
1.15	2.35	0.0602683	-0.0146449
1.25	2.35	0.0301489	-0.0154767
1.35	2.35	-0.000267626	-0.0149418
1.45	2.35	-0.0283587	-0.0131521
1.55	2.35	-0.0518578	-0.0103487
1.65	2.35	-0.0690641	-0.00685953
1.75	2.35	-0.0789881	-0.0030673
1.85	2.35	-0.0814026	0.000651521
1.95	2.35	-0.0767657	0.00398297
2.05	2.35	-0.0660553	0.00672359
2.15	2.35	-0.0505581	0.00877298
2.25	2.35	-0.0316679	0.0101145
2.35	2.35	-0.0107752	0.0107761
2.45	2.35	0	0
0.05	2.45	0	0
0.15	2.45	0	0
0.25	2.45	0	0
0.35	2.45	0	0
0.45	2.45	0	0
0.55	2.45	0	0
0.65	2.45	0	0
0.75	2.45	0	0
0.85	2.45	0	0
0.95	2.45	0	0
1.05	2.45	0	0
1.15	2.45	0	0
1.25	2.45	0	0
1.35	2.45	0	0
1.45	2.45	0	0
1.55	2.45	0	0
1.65	2.45	0	0
1.75	2.45	0	0
1.85	2.45	0	0
1.95	2.45	0	0
2.05	2.45	0	0
2.15	2.45	0	0
2.25	2.45	0	0
2.35	2.45	0	0
2.45	2.45	0	0
#BLOCK HEADER time:0.5
#x	y	u	v

0.05	0.05	0	0
0.15	0.05	0	0
0.25	0.05	0	0
0.35	0.05	0	0
0.45	0.05	0	0
0.55	0.05	0	0
0.65	0.05	0	0
0.75	0.05	0	0
0.85	0.05	0	0
0.95	0.05	0	0
1.05	0.05	0	0
1.15	0.05	0	0
1.25	0.05	0	0
1.35	0.05	0	0
1.45	0.05	0	0
1.55	0.05	0	0
1.65	0.05	0	0
1.75	0.05	0	0
1.85	0.05	0	0
1.95	0.05	0	0
2.05	0.05	0	0
2.15	0.05	0	0
2.25	0.05	0	0
2.35	0.05	0	0
2.45	0.05	0	0
0.05	0.15	0	0
0.15	0.15	-0.0733326	0.0733323
0.25	0.15	-0.217905	0.0712411
0.35	0.15	-0.355671	0.066526
0.45	0.15	-0.480415	0.058219
0.55	0.15	-0.58379	0.0451562
0.65	0.15	-0.655383	0.0264388
0.75	0.15	-0.683935	0.00211479
0.85	0.15	-0.659923	-0.0261248
0.95	0.15	-0.579318	-0.0544793
1.05	0.15	-0.445877	-0.0789601
1.15	0.15	-0.26988	-0.0970366
1.25	0.15	-0.0660294	-0.106812
1.35	0.15	0.149534	-0.108751
1.45	0.15	0.352726	-0.0944398
1.55	0.15	0.514733	-0.0675655
1.65	0.15	0.616742	-0.0344421
1.75	0.15	0.653047	-0.00186168
1.85	0.15	0.629896	0.0250133
1.95	0.15	0.560517	0.0443667
2.05	0.15	0.45932	0.0568307
2.15	0.15	0.338418	0.0640734
2.25	0.15	0.206528	0.0678184
2.35	0.15	0.0693553	0.069355
2.45	0.15	0	0
0.05	0.25	0	0
0.15	0.25	-0.0754238	0.222088
0.25	0.25	-0.224711	0.216346
0.35	0.25	-0.368693	0.20317
0.45	0.25	-0.501785	0.179413
0.55	0.25	-0.61557	0.141122
0.65	0.25	-0.698425	0.0849222
0.75	0.25	-0.736498	0.0102579
0.85	0.25	-0.716517	-0.0782597
0.95	0.25	-0.632153	-0.167313
1.05	0.25	-0.488434	-0.243285
1.15	0.25	-0.297731	-0.299411
1.25	0.25	-0.0777439	-0.328273
1.35	0.25	0.161907	-0.342503
1.45	0.25	0.393912	-0.295884
1.55	0.25	0.574731	-0.208945
1.65	0.25	0.682445	-0.102785
1.75	0.25	0.712502	0.000120997
1.85	0.25	0.676124	0.0825609
1.95	0.25	0.592334	0.139991
2.05	0.25	0.479027	0.175712
2.15	0.25	0.349406	0.195716
2.25	0.25	0.21181	0.205662
2.35	0.25	0.0708921	0.209603
2.45	0.25	0	0
0.05	0.35	0	0
0.15	0.35	-0.0790751	0.376589
0.25	0.35	-0.236824	0.368883
0.35	0.35	-0.392603	0.350394
0.45	0.35	-0.542463	0.315142
0.55	0.35	-0.678281	0.254997
0.65	0.35	-0.786247	0.161869
0.75	0.35	-0.847117	0.0322531
0.85	0.35	-0.837494	-0.129859
0.95	0.35	-0.744343	-0.293228
1.05	0.35	-0.577976	-0.427458
1.15	0.35	-0.354868	-0.529051
1.25	0.35	-0.109121	-0.56437
1.35	0.35	0.181923	-0.6371
1.45	0.35	0.486284	-0.537653
1.55	0.35	0.707833	-0.369544
1.65	0.35	0.825807	-0.167875
1.75	0.35	0.838393	0.0225691
1.85	0.35	0.769765	0.165117
1.95	0.35	0.653668	0.257321
2.05	0.35	0.515046	0.31031
2.15	0.35	0.368369	0.337417
2.25	0.35	0.220416	0.34951
2.35	0.35	0.0732964	0.353793
2.45	0.35	0	0
0.05	0.45	0	0
0.15	0.45	-0.0831292	0.538795
0.25	0.45	-0.250907	0.532205
0.35	0.45	-0.422435	0.514379
0.45	0.45	-0.597181	0.475761
0.55	0.45	-0.768842	0.401856
0.65	0.45	-0.921169	0.275305
0.75	0.45	-1.02823	0.0867452
0.85	0.45	-1.042	-0.180201
0.95	0.45	-0.919592	-0.458441
1.05	0.45	-0.680034	-0.668171
1.15	0.45	-0.391966	-0.799514
1.25	0.45	-0.105384	-0.826235
1.35	0.45	0.207623	-0.979285
1.45	0.45	0.541676	-0.833881
1.55	0.45	0.846214	-0.599404
1.65	0.45	1.04326	-0.253038
1.75	0.45	1.04549	0.0929128
1.85	0.45	0.910877	0.298018
1.95	0.45	0.737527	0.413867
2.05	0.45	0.559122	0.47079
2.15	0.45	0.388606	0.494132
2.25	0.45	0.228187	0.501167
2.35	0.45	0.075176	0.502266
2.45	0.45	0	0
0.05	0.55	0	0
0.15	0.55	-0.0856656	0.707591
0.25	0.55	-0.26124	0.706762
0.35	0.55	-0.449047	0.699156
0.45	0.55	-0.654986	0.671668
0.55	0.55	-0.878737	0.60136
0.65	0.55	-1.10136	0.450749
0.75	0.55	-1.21268	0.129678
0.85	0.55	-1.12367	-0.298367
0.95	0.55	-0.901323	-0.685029
1.05	0.55	-0.640565	-0.941899
1.15	0.55	-0.368092	-1.08633
1.25	0.55	-0.085856	-1.10824
1.35	0.55	0.20748	-1.30362
1.45	0.55	0.519304	-1.15542
1.55	0.55	0.81955	-0.882648
1.65	0.55	1.07265	-0.41994
1.75	0.55	1.20723	0.123005
1.85	0.55	1.09016	0.519613
1.95	0.55	0.826439	0.629341
2.05	0.55	0.595311	0.664849
2.15	0.55	0.398746	0.667154
2.25	0.55	0.228551	0.658758
2.35	0.55	0.0743972	0.651842
2.45	0.55	0	0
0.05	0.65	0	0
0.15	0.65	-0.083958	0.877216
0.25	0.65	-0.259341	0.888096
0.35	0.65	-0.457528	0.903817
0.45	0.65	-0.694978	0.910398
0.55	0.65	-0.989761	0.881164
0.65	0.65	-1.22637	0.630175
0.75	0.65	-1.22708	0.0622795
0.85	0.65	-1.0661	-0.480953
0.95	0.65	-0.854892	-0.935997
1.05	0.65	-0.6033	-1.20328
1.15	0.65	-0.336045	-1.36467
1.25	0.65	-0.0752274	-1.37295
1.35	0.65	0.158351	-1.56583
1.45	0.65	0.446561	-1.49325
1.55	0.65	0.761173	-1.15968
1.65	0.65	0.999226	-0.634063
1.75	0.65	1.16439	0.0373896
1.85	0.65	1.1379	0.748779
1.95	0.65	0.882763	0.919036
2.05	0.65	0.596935	0.892112
2.15	0.65	0.382514	0.850878
2.25	0.65	0.212876	0.814866
2.35	0.65	0.068261	0.794502
2.45	0.65	0	0
0.05	0.75	0	0
0.15	0.75	-0.0747856	1.03596
0.25	0.75	-0.234638	1.06459
0.35	0.75	-0.426745	1.11762
0.45	0.75	-0.677639	1.18494
0.55	0.75	-1.02449	1.24825
0.65	0.75	-1.21999	0.6952
0.75	0.75	-1.12347	-0.0985553
0.85	0.75	-0.925832	-0.678738
0.95	0.75	-0.731432	-1.14382
1.05	0.75	-0.55117	-1.42731
1.15	0.75	-0.302776	-1.65629
1.25	0.75	-0.0510882	-1.59383
1.35	0.75	0.175228	-1.80484
1.45	0.75	0.460748	-1.82797
1.55	0.75	0.711179	-1.39
1.65	0.75	0.900428	-0.831046
1.75	0.75	1.05239	-0.082757
1.85	0.75	1.05717	0.890634
1.95	0.75	0.826676	1.26282
2.05	0.75	0.527153	1.13368
2.15	0.75	0.3215	1.02938
2.25	0.75	0.172177	0.955327
2.35	0.75	0.0540343	0.916798
2.45	0.75	0	0
0.05	0.85	0	0
0.15	0.85	-0.0553308	1.16608
0.25	0.85	-0.177682	1.21668
0.35	0.85	-0.337177	1.31713
0.45	0.85	-0.564344	1.46349
0.55	0.85	-0.904957	1.65717
0.65	0.85	-1.05683	0.633665
0.75	0.85	-0.949189	-0.24118
0.85	0.85	-0.857709	-0.825232
0.95	0.85	-0.645552	-1.40388
1.05	0.85	-0.3905	-1.60256
1.15	0.85	-0.198638	-1.9213
1.25	0.85	0.000234496	-1.77939
1.35	0.85	0.151992	-1.99736
1.45	0.85	0.317526	-2.0865
1.55	0.85	0.568329	-1.6327
1.65	0.85	0.741194	-0.950462
1.75	0.85	0.858551	-0.232663
1.85	0.85	0.84882	1.0455
1.95	0.85	0.602583	1.58468
2.05	0.85	0.363499	1.35042
2.15	0.85	0.204159	1.17763
2.25	0.85	0.100297	1.06026
2.35	0.85	0.0297341	1.00057
2.45	0.85	0	0
0.05	0.95	0	0
0.15	0.95	-0.0241863	1.2456
0.25	0.95	-0.0835856	1.31891
0.35	0.95	-0.179936	1.47074
0.45	0.95	-0.337604	1.69471
0.55	0.95	-0.563964	1.99291
0.65	0.95	-0.689973	0.575796
0.75	0.95	-0.69772	-0.283207
0.85	0.95	-0.539028	-1.03338
0.95	0.95	-0.223828	-1.72309
1.05	0.95	0.0019513	-1.76418
1.15	0.95	0.0419504	-1.99154
1.25	0.95	0.0519131	-1.91798
1.35	0.95	0.0802068	-2.03882
1.45	0.95	-0.00240712	-2.12797
1.55	0.95	0.0479778	-1.89242
1.65	0.95	0.355914	-1.17153
1.75	0.95	0.616443	-0.389475
1.85	0.95	0.522867	1.30562
1.95	0.95	0.272645	1.82102
2.05	0.95	0.120104	1.50571
2.15	0.95	0.0313393	1.27045
2.25	0.95	-0.0048832	1.10753
2.35	0.95	-0.00565917	1.02464
2.45	0.95	0	0
0.05	1.05	0	0
0.15	1.05	0.0179823	1.2518
0.25	1.05	0.0474624	1.34262
0.35	1.05	0.0386238	1.55222
0.45	1.05	-0.0358467	1.84537
0.55	1.05	-0.1498	2.18256
0.65	1.05	-0.338321	0.700675
0.75	1.05	-0.192445	-0.546218
0.85	1.05	0.0966568	-1.21816
0.95	1.05	0.0738595	-1.83071
1.05	1.05	0.0473037	-1.85578
1.15	1.05	0.0427133	-1.93535
1.25	1.05	0.0188231	-1.96025
1.35	1.05	-0.0150208	-1.991
1.45	1.05	-0.0756398	-2.03255
1.55	1.05	-0.144113	-1.96975
1.65	1.05	-0.198405	-1.34785
1.75	1.05	-0.0571515	-0.614941
1.85	1.05	-0.0267471	1.59425
1.95	1.05	-0.164768	1.92062
2.05	1.05	-0.187067	1.58094
2.15	1.05	-0.19402	1.29093
2.25	1.05	-0.145507	1.07475
2.35	1.05	-0.0531483	0.965838
2.45	1.05	0	0
0.05	1.15	0	0
0.15	1.15	0.0666323	1.16719
0.25	1.15	0.21683	1.24756
0.35	1.15	0.322815	1.55014
0.45	1.15	0.357075	1.88767
0.55	1.15	0.355703	2.25559
0.65	1.15	0.336815	0.83505
0.75	1.15	0.411258	-0.900915
0.85	1.15	0.361583	-1.1029
0.95	1.15	0.174042	-1.73564
1.05	1.15	0.100908	-1.85116
1.15	1.15	0.0578155	-1.89229
1.25	1.15	-0.00781407	-1.91379
1.35	1.15	-0.092307	-1.91912
1.45	1.15	-0.188346	-1.94777
1.55	1.15	-0.296169	-1.87823
1.65	1.15	-0.435414	-1.24583
1.75	1.15	-0.66638	-0.627249
1.85	1.15	-0.683876	1.59365
1.95	1.15	-0.525784	1.90115
2.05	1.15	-0.50958	1.6065
2.15	1.15	-0.474848	1.23759
2.25	1.15	-0.329978	0.934712
2.35	1.15	-0.114573	0.798119
2.45	1.15	0	0
0.05	1.25	0	0
0.15	1.25	0.0983511	1.00221
0.25	1.25	0.430407	0.930291
0.35	1.25	0.678731	1.51309
0.45	1.25	0.727617	1.84156
0.55	1.25	0.801173	2.22951
0.65	1.25	0.924047	0.757141
0.75	1.25	0.736378	-0.709781
0.85	1.25	0.419983	-0.927961
0.95	1.25	0.304344	-1.6074
1.05	1.25	0.192186	-1.79411
1.15	1.25	0.0968468	-1.81091
1.25	1.25	-0.0186556	-1.81404
1.35	1.25	-0.15269	-1.80034
1.45	1.25	-0.309557	-1.81364
1.55	1.25	-0.482576	-1.73152
1.65	1.25	-0.67554	-1.06034
1.75	1.25	-1.03213	-0.22519
1.85	1.25	-1.15948	1.33644
1.95	1.25	-0.897474	1.73827
2.05	1.25	-0.738894	1.59461
2.15	1.25	-0.626615	1.10248
2.25	1.25	-0.425936	0.724273
2.35	1.25	-0.158164	0.525383
2.45	1.25	0	0
0.05	1.35	0	0
0.15	1.35	0.237652	0.666207
0.25	1.35	0.642745	0.529146
0.35	1.35	0.906177	1.40248
0.45	1.35	1.07349	1.73598
0.55	1.35	1.26174	2.07328
0.65	1.35	1.29426	0.757965
0.75	1.35	0.991659	-0.220328
0.85	1.35	0.670524	-0.779884
0.95	1.35	0.492637	-1.46195
1.05	1.35	0.339365	-1.67413
1.15	1.35	0.172321	-1.6685
1.25	1.35	-0.00939765	-1.65922
1.35	1.35	-0.205321	-1.6252
1.45	1.35	-0.430015	-1.60722
1.55	1.35	-0.667626	-1.52731
1.65	1.35	-0.887841	-0.85137
1.75	1.35	-1.20881	0.243394
1.85	1.35	-1.29746	1.08387
1.95	1.35	-1.00845	1.43982
2.05	1.35	-0.698893	1.42491
2.15	1.35	-0.438264	0.899271
2.25	1.35	-0.243921	0.532461
2.35	1.35	-0.0808581	0.286363
2.45	1.35	0	0
0.05	1.45	0	0
0.15	1.45	0.0851235	0.343432
0.25	1.45	0.254527	0.277424
0.35	1.45	0.499747	1.14555
0.45	1.45	0.801944	1.5234
0.55	1.45	1.19728	1.70227
0.65	1.45	1.43357	0.860159
0.75	1.45	1.29535	0.118309
0.85	1.45	0.999631	-0.501672
0.95	1.45	0.717077	-1.27972
1.05	1.45	0.479626	-1.46563
1.15	1.45	0.237028	-1.46735
1.25	1.45	0.0184949	-1.46012
1.35	1.45	-0.217452	-1.39243
1.45	1.45	-0.500728	-1.33202
1.55	1.45	-0.834138	-1.23149
1.65	1.45	-1.15702	-0.604098
1.75	1.45	-1.25022	0.410291
1.85	1.45	-1.08974	0.845143
1.95	1.45	-0.821599	1.12139
2.05	1.45	-0.478864	1.09105
2.15	1.45	-0.161564	0.655203
2.25	1.45	0.0248122	0.395809
2.35	1.45	0.0396296	0.245137
2.45	1.45	0	0
0.05	1.55	0	0
0.15	1.55	-0.00726719	0.265576
0.25	1.55	-0.0508033	0.229412
0.35	1.55	0.121556	0.775984
0.45	1.55	0.517947	1.19438
0.55	1.55	0.881973	1.27193
0.65	1.55	1.13594	0.800243
0.75	1.55	1.21963	0.232758
0.85	1.55	1.22508	-0.32585
0.95	1.55	1.00865	-0.95656
1.05	1.55	0.621951	-1.16464
1.15	1.55	0.307605	-1.2114
1.25	1.55	0.0430949	-1.23304
1.35	1.55	-0.226337	-1.11414
1.45	1.55	-0.53812	-1.01526
1.55	1.55	-0.893778	-0.859187
1.65	1.55	-1.15975	-0.38754
1.75	1.55	-1.11988	0.247066
1.85	1.55	-0.876066	0.604077
1.95	1.55	-0.578611	0.796862
2.05	1.55	-0.239442	0.733673
2.15	1.55	-0.0195357	0.47537
2.25	1.55	0.0255172	0.344209
2.35	1.55	0.0113337	0.296102
2.45	1.55	0	0
0.05	1.65	0	0
0.15	1.65	-0.0108468	0.283688
0.25	1.65	-0.0516857	0.295673
0.35	1.65	-0.0142427	0.499923
0.45	1.65	0.240547	0.819266
0.55	1.65	0.60784	0.915727
0.65	1.65	0.895282	0.615039
0.75	1.65	1.05357	0.175988
0.85	1.65	1.0607	-0.281655
0.95	1.65	0.898211	-0.621843
1.05	1.65	0.627405	-0.841854
1.15	1.65	0.331422	-0.923857
1.25	1.65	0.0321505	-0.956797
1.35	1.65	-0.238761	-0.850035
1.45	1.65	-0.466237	-0.740102
1.55	1.65	-0.678591	-0.56633
1.65	1.65	-0.821185	-0.271825
1.75	1.65	-0.815947	0.0862422
1.85	1.65	-0.660659	0.365802
1.95	1.65	-0.426809	0.503832
2.05	1.65	-0.215165	0.475889
2.15	1.65	-0.0907139	0.388796
2.25	1.65	-0.0344985	0.329515
2.35	1.65	-0.00847713	0.298957
2.45	1.65	0	0
0.05	1.75	0	0
0.15	1.75	0.00471698	0.289817
0.25	1.75	0.0172921	0.317807
0.35	1.75	0.05869	0.398951
0.45	1.75	0.191377	0.532765
0.55	1.75	0.440068	0.586244
0.65	1.75	0.69215	0.405001
0.75	1.75	0.816849	0.103043
0.85	1.75	0.795524	-0.194517
0.95	1.75	0.672273	-0.423245
1.05	1.75	0.488986	-0.58636
1.15	1.75	0.275593	-0.669974
1.25	1.75	0.054882	-0.690698
1.35	1.75	-0.15213	-0.638211
1.45	1.75	-0.331945	-0.544634
1.55	1.75	-0.479334	-0.402053
1.65	1.75	-0.568814	-0.20403
1.75	1.75	-0.572158	0.0165514
1.85	1.75	-0.491144	0.19919
1.95	1.75	-0.360663	0.306112
2.05	1.75	-0.229088	0.330389
2.15	1.75	-0.129782	0.310538
2.25	1.75	-0.0643211	0.286097
2.35	1.75	-0.0192232	0.271255
2.45	1.75	0	0
0.05	1.85	0	0
0.15	1.85	0.0171427	0.267955
0.25	1.85	0.0574479	0.286787
0.35	1.85	0.120523	0.325498
0.45	1.85	0.227022	0.367032
0.55	1.85	0.374492	0.355816
0.65	1.85	0.514239	0.243602
0.75	1.85	0.590101	0.0638799
0.85	1.85	0.583345	-0.127276
0.95	1.85	0.506369	-0.29026
1.05	1.85	0.380676	-0.410366
1.15	1.85	0.227083	-0.478981
1.25	1.85	0.0639133	-0.497809
1.35	1.85	-0.0926967	-0.467477
1.45	1.85	-0.230079	-0.39817
1.55	1.85	-0.337988	-0.293219
1.65	1.85	-0.40258	-0.158793
1.75	1.85	-0.412727	-0.0151957
1.85	1.85	-0.371099	0.108295
1.95	1.85	-0.295609	0.191035
2.05	1.85	-0.210739	0.229018
2.15	1.85	-0.135007	0.236872
2.25	1.85	-0.0737811	0.233077
2.35	1.85	-0.023318	0.228713
2.45	1.85	0	0
0.05	1.95	0	0
0.15	1.95	0.0235491	0.227263
0.25	1.95	0.0748349	0.235888
0.35	1.95	0.138934	0.249223
0.45	1.95	0.221694	0.25405
0.55	1.95	0.316638	0.226383
0.65	1.95	0.400214	0.149709
0.75	1.95	0.445971	0.0361542
0.85	1.95	0.441384	-0.0882051
0.95	1.95	0.389182	-0.200154
1.05	1.95	0.300265	-0.285862
1.15	1.95	0.18815	-0.337777
1.25	1.95	0.0663863	-0.354081
1.35	1.95	-0.052491	-0.335717
1.45	1.95	-0.157688	-0.287351
1.55	1.95	-0.239957	-0.213863
1.65	1.95	-0.29079	-0.122724
1.75	1.95	-0.305071	-0.0268363
1.85	1.95	-0.284913	0.0581497
1.95	1.95	-0.23994	0.120719
2.05	1.95	-0.183251	0.157776
2.15	1.95	-0.125723	0.174854
2.25	1.95	-0.07248	0.180628
2.35	1.95	-0.0235876	0.181805
2.45	1.95	0	0
0.05	2.05	0	0
0.15	2.05	0.0257686	0.177944
0.25	2.05	0.0794079	0.180282
0.35	2.05	0.138685	0.181452
0.45	2.05	0.204183	0.173561
0.55	2.05	0.27015	0.145961
0.65	2.05	0.32401	0.0926938
0.75	2.05	0.352188	0.0192335
0.85	2.05	0.347037	-0.0615447
0.95	2.05	0.308712	-0.136286
1.05	2.05	0.243052	-0.195154
1.15	2.05	0.158865	-0.232183
1.25	2.05	0.0659736	-0.24502
1.35	2.05	-0.0259666	-0.233961
1.45	2.05	-0.108225	-0.201652
1.55	2.05	-0.17336	-0.152156
1.65	2.05	-0.215553	-0.0914032
1.75	2.05	-0.231854	-0.0275758
1.85	2.05	-0.223544	0.0304203
1.95	2.05	-0.195983	0.0759137
2.05	2.05	-0.156604	0.106515
2.15	2.05	-0.112155	0.124136
2.25	2.05	-0.0668295	0.132776
2.35	2.05	-0.0221407	0.136075
2.45	2.05	0	0
0.05	2.15	0	0
0.15	2.15	0.0258875	0.126287
0.25	2.15	0.0783432	0.125843
0.35	2.15	0.132213	0.122744
0.45	2.15	0.186203	0.112781
0.55	2.15	0.235771	0.0912064
0.65	2.15	0.273487	0.0558742
0.75	2.15	0.291733	0.00963034
0.85	2.15	0.285864	-0.0409226
0.95	2.15	0.255573	-0.0882932
1.05	2.15	0.204369	-0.126284
1.15	2.15	0.138284	-0.150781
1.25	2.15	0.0646082	-0.159855
1.35	2.15	-0.00912315	-0.153456
1.45	2.15	-0.0758825	-0.133138
1.55	2.15	-0.129708	-0.101708
1.65	2.15	-0.16621	-0.0631575
1.75	2.15	-0.183247	-0.0224846
1.85	2.15	-0.181424	0.0151954
1.95	2.15	-0.163844	0.0459997
2.05	2.15	-0.135028	0.0682337
2.15	2.15	-0.0994626	0.0824024
2.25	2.15	-0.0605407	0.0902634
2.35	2.15	-0.0202875	0.0936455
2.45	2.15	0	0
0.05	2.25	0	0
0.15	2.25	0.0253252	0.0750728
0.25	2.25	0.0758648	0.0740595
0.35	2.25	0.125623	0.0708987
0.45	2.25	0.172646	0.063614
0.55	2.25	0.213243	0.050208
0.65	2.25	0.242434	0.0299663
0.75	2.25	0.255391	0.00433508
0.85	2.25	0.249113	-0.0234816
0.95	2.25	0.22335	-0.04968
1.05	2.25	0.180565	-0.0709062
1.15	2.25	0.125294	-0.0848015
1.25	2.25	0.0632986	-0.0901628
1.35	2.25	0.000749994	-0.0868679
1.45	2.25	-0.0564768	-0.07574
1.55	2.25	-0.103379	-0.0583782
1.65	2.25	-0.13633	-0.0370341
1.75	2.25	-0.153501	-0.0144015
1.85	2.25	-0.155059	0.00684655
1.95	2.25	-0.142944	0.0246562
2.05	2.25	-0.120201	0.038018
2.15	2.25	-0.0901255	0.0469759
2.25	2.25	-0.0555861	0.0522298
2.35	2.25	-0.0187584	0.054598
2.45	2.25	0	0
0.05	2.35	0	0
0.15	2.35	0.0248741	0.0248735
0.25	2.35	0.0741689	0.0244224
0.35	2.35	0.121767	0.0231777
0.45	2.35	0.165512	0.0205672
0.55	2.35	0.202123	0.0160449
0.65	2.35	0.227613	0.00944713
0.75	2.35	0.238285	0.00122471
0.85	2.35	0.231849	-0.00765881
0.95	2.35	0.208148	-0.0160396
1.05	2.35	0.169247	-0.0228603
1.15	2.35	0.119027	-0.0273575
1.25	2.35	0.0625417	-0.0291267
1.35	2.35	0.00529966	-0.0281142
1.45	2.35	-0.0473927	-0.024577
1.55	2.35	-0.0910019	-0.0190303
1.65	2.35	-0.122233	-0.0121997
1.75	2.35	-0.139366	-0.0049335
1.85	2.35	-0.142366	0.00193461
1.95	2.35	-0.132673	0.00775961
2.05	2.35	-0.112708	0.0122059
2.15	2.35	-0.0852507	0.0152522
2.25	2.35	-0.0529184	0.0170805
2.35	2.35	-0.0179192	0.0179198
2.45	2.35	0	0
0.05	2.45	0	0
0.15	2.45	0	0
0.25	2.45	0	0
0.35	2.45	0	0
0.45	2.45	0	0
0.55	2.45	0	0
0.65	2.45	0	0
0.75	2.45	0	0
0.85	2.45	0	0
0.95	2.45	0	0
1.05	2.45	0	0
1.15	2.45	0	0
1.25	2.45	0	0
1.35	2.45	0	0
1.45	2.45	0	0
1.55	2.45	0	0
1.65	2.45	0	0
1.75	2.45	0	0
1.85	2.45	0	0
1.95	2.45	0	0
2.05	2.45	0	0
2.15	2.45	0	0
2.25	2.45	0	0
2.35	2.45	0	0
2.45	2.45	0	0
#BLOCK HEADER time:1
#x	y	u	v

0.05	0.05	0	0
0.15	0.05	0	0
0.25	0.05	0	0
0.35	0.05	0	0
0.45	0.05	0	0
0.55	0.05	0	0
0.65	0.05	0	0
0.75	0.05	0	0
0.85	0.05	0	0
0.95	0.05	0	0
1.05	0.05	0	0
1.15	0.05	0	0
1.25	0.05	0	0
1.35	0.05	0	0
1.45	0.05	0	0
1.55	0.05	0	0
1.65	0.05	0	0
1.75	0.05	0	0
1.85	0.05	0	0
1.95	0.05	0	0
2.05	0.05	0	0
2.15	0.05	0	0
2.25	0.05	0	0
2.35	0.05	0	0
2.45	0.05	0	0
0.05	0.15	0	0
0.15	0.15	-0.165316	0.165316
0.25	0.15	-0.494095	0.163463
0.35	0.15	-0.815108	0.15755
0.45	0.15	-1.1151	0.142439
0.55	0.15	-1.36688	0.109343
0.65	0.15	-1.53026	0.0540366
0.75	0.15	-1.57706	-0.00723228
0.85	0.15	-1.48522	-0.0846099
0.95	0.15	-1.25602	-0.144589
1.05	0.15	-0.934778	-0.176654
1.15	0.15	-0.563078	-0.195046
1.25	0.15	-0.155435	-0.212597
1.35	0.15	0.320514	-0.263351
1.45	0.15	0.825566	-0.241701
1.55	0.15	1.25626	-0.188992
1.65	0.15	1.56301	-0.117764
1.75	0.15	1.69609	-0.0153162
1.85	0.15	1.63497	0.076443
1.95	0.15	1.42685	0.131674
2.05	0.15	1.13891	0.156268
2.15	0.15	0.819067	0.163575
2.25	0.15	0.49126	0.164231
2.35	0.15	0.163514	0.163514
2.45	0.15	0	0
0.05	0.25	0	0
0.15	0.25	-0.16717	0.497803
0.25	0.25	-0.501862	0.494447
0.35	0.25	-0.836132	0.481848
0.45	0.25	-1.1633	0.445301
0.55	0.25	-1.45528	0.350239
0.65	0.25	-1.64517	0.166405
0.75	0.25	-1.64272	-0.0752371
0.85	0.25	-1.45904	-0.292136
0.95	0.25	-1.17744	-0.447853
1.05	0.25	-0.836492	-0.535585
1.15	0.25	-0.468165	-0.576142
1.25	0.25	-0.0848365	-0.622474
1.35	0.25	0.325124	-0.739383
1.45	0.25	0.72956	-0.675157
1.55	0.25	1.09369	-0.550356
1.65	0.25	1.40398	-0.373447
1.75	0.25	1.63403	-0.122767
1.85	0.25	1.69758	0.181476
1.95	0.25	1.50668	0.425658
2.05	0.25	1.17081	0.48609
2.15	0.25	0.82703	0.497376
2.25	0.25	0.4912	0.494067
2.35	0.25	0.162797	0.489826
2.45	0.25	0	0
0.05	0.35	0	0
0.15	0.35	-0.168672	0.833644
0.25	0.35	-0.51005	0.834676
0.35	0.35	-0.864254	0.830093
0.45	0.35	-1.2467	0.806678
0.55	0.35	-1.5292	0.563335
0.65	0.35	-1.55363	0.167626
0.75	0.35	-1.40906	-0.223473
0.85	0.35	-1.21581	-0.520838
0.95	0.35	-0.984365	-0.732187
1.05	0.35	-0.712327	-0.864241
1.15	0.35	-0.38733	-0.94081
1.25	0.35	-0.0358148	-0.99265
1.35	0.35	0.318712	-1.13369
1.45	0.35	0.655054	-1.02162
1.55	0.35	0.94221	-0.855171
1.65	0.35	1.17687	-0.613588
1.75	0.35	1.36457	-0.300372
1.85	0.35	1.50575	0.154356
1.95	0.35	1.48875	0.660675
2.05	0.35	1.21063	0.86506
2.15	0.35	0.827044	0.845772
2.25	0.35	0.483711	0.824835
2.35	0.35	0.159273	0.811896
2.45	0.35	0	0
0.05	0.45	0	0
0.15	0.45	-0.166138	1.16845
0.25	0.45	-0.505413	1.18052
0.35	0.45	-0.864131	1.19717
0.45	0.45	-1.23846	1.19638
0.55	0.45	-1.42034	0.638009
0.65	0.45	-1.33681	0.0338586
0.75	0.45	-1.20949	-0.361603
0.85	0.45	-1.08577	-0.699674
0.95	0.45	-0.908256	-0.962315
1.05	0.45	-0.662698	-1.15171
1.15	0.45	-0.35619	-1.28485
1.25	0.45	-0.0228905	-1.33343
1.35	0.45	0.315555	-1.48589
1.45	0.45	0.633523	-1.32374
1.55	0.45	0.894598	-1.10128
1.65	0.45	1.07356	-0.781099
1.75	0.45	1.17481	-0.421809
1.85	0.45	1.26771	0.0417164
1.95	0.45	1.32756	0.73046
2.05	0.45	1.14458	1.25637
2.15	0.45	0.786806	1.19582
2.25	0.45	0.457325	1.1476
2.35	0.45	0.14986	1.12103
2.45	0.45	0	0
0.05	0.55	0	0
0.15	0.55	-0.156604	1.49119
0.25	0.55	-0.481334	1.52179
0.35	0.55	-0.843979	1.57727
0.45	0.55	-1.13883	1.48546
0.55	0.55	-1.20136	0.593335
0.65	0.55	-1.12015	-0.0862058
0.75	0.55	-1.06443	-0.424581
0.85	0.55	-1.01352	-0.811323
0.95	0.55	-0.880451	-1.16125
1.05	0.55	-0.649577	-1.42921
1.15	0.55	-0.355329	-1.60811
1.25	0.55	-0.0296374	-1.66916
1.35	0.55	0.310005	-1.82824
1.45	0.55	0.643305	-1.63265
1.55	0.55	0.912082	-1.32222
1.65	0.55	1.03234	-0.859381
1.75	0.55	1.02876	-0.441199
1.85	0.55	1.03926	-0.0422941
1.95	0.55	1.08355	0.710335
2.05	0.55	0.992426	1.5506
2.15	0.55	0.718271	1.53353
2.25	0.55	0.408924	1.44872
2.35	0.55	0.132704	1.40359
2.45	0.55	0	0
0.05	0.65	0	0
0.15	0.65	-0.135546	1.78334
0.25	0.65	-0.419342	1.83816
0.35	0.65	-0.742587	1.94678
0.45	0.65	-0.951718	1.61993
0.55	0.65	-0.949299	0.518974
0.65	0.65	-0.924237	-0.118119
0.75	0.65	-0.935434	-0.43719
0.85	0.65	-0.958405	-0.826654
0.95	0.65	-0.913703	-1.32368
1.05	0.65	-0.687926	-1.72342
1.15	0.65	-0.360784	-1.93528
1.25	0.65	-0.0337675	-1.99469
1.35	0.65	0.273395	-2.14952
1.45	0.65	0.642358	-2.01364
1.55	0.65	0.916773	-1.48443
1.65	0.65	0.943888	-0.844553
1.75	0.65	0.871132	-0.379686
1.85	0.65	0.818227	-0.0614058
1.95	0.65	0.827202	0.676188
2.05	0.65	0.79172	1.71135
2.15	0.65	0.592305	1.84635
2.25	0.65	0.327395	1.71016
2.35	0.65	0.104737	1.64104
2.45	0.65	0	0
0.05	0.75	0	0
0.15	0.75	-0.101783	2.02067
0.25	0.75	-0.3179	2.10075
0.35	0.75	-0.570337	2.25988
0.45	0.75	-0.766936	1.71256
0.55	0.75	-0.836404	0.493392
0.65	0.75	-0.845726	-0.108277
0.75	0.75	-0.756315	-0.525245
0.85	0.75	-0.692406	-0.779538
0.95	0.75	-0.76453	-1.34338
1.05	0.75	-0.683401	-2.01063
1.15	0.75	-0.359041	-2.29958
1.25	0.75	-0.0283111	-2.28814
1.35	0.75	0.287939	-2.47948
1.45	0.75	0.653315	-2.41802
1.55	0.75	0.803089	-1.50424
1.65	0.75	0.743029	-0.791798
1.75	0.75	0.715252	-0.331909
1.85	0.75	0.661631	-0.00265747
1.95	0.75	0.648188	0.621908
2.05	0.75	0.590505	1.85879
2.15	0.75	0.387773	2.10105
2.25	0.75	0.203616	1.90452
2.35	0.75	0.0635855	1.80936
2.45	0.75	0	0
0.05	0.85	0	0
0.15	0.85	-0.055471	2.17793
0.25	0.85	-0.180138	2.28428
0.35	0.85	-0.343998	2.49265
0.45	0.85	-0.595673	1.92807
0.55	0.85	-0.898339	0.650023
0.65	0.85	-0.843126	-0.310799
0.75	0.85	-0.489838	-0.765423
0.85	0.85	-0.369889	-0.723217
0.95	0.85	-0.436084	-1.26138
1.05	0.85	-0.452022	-2.15782
1.15	0.85	-0.280968	-2.6478
1.25	0.85	-0.00443172	-2.54718
1.35	0.85	0.227794	-2.76891
1.45	0.85	0.385078	-2.65125
1.55	0.85	0.42931	-1.46502
1.65	0.85	0.501309	-0.842955
1.75	0.85	0.670478	-0.422143
1.85	0.85	0.638038	0.173639
1.95	0.85	0.439148	0.657946
2.05	0.85	0.234408	2.08518
2.15	0.85	0.0776529	2.23415
2.25	0.85	0.0357082	1.99752
2.35	0.85	0.0095761	1.88252
2.45	0.85	0	0
0.05	0.95	0	0
0.15	0.95	0.00456582	2.22883
0.25	0.95	-0.00318107	2.36578
0.35	0.95	-0.066885	2.6387
0.45	0.95	-0.318702	2.2855
0.55	0.95	-0.598088	0.87464
0.65	0.95	-0.555168	-0.633547
0.75	0.95	-0.340687	-1.01044
0.85	0.95	-0.00376599	-0.935065
0.95	0.95	0.132819	-1.11992
1.05	0.95	-0.00656647	-2.14396
1.15	0.95	-0.0449156	-2.79437
1.25	0.95	0.024419	-2.74648
1.35	0.95	0.10923	-2.88665
1.45	0.95	-0.0277499	-2.55382
1.55	0.95	-0.224796	-1.40964
1.65	0.95	0.0322806	-1.22741
1.75	0.95	0.557467	-0.732041
1.85	0.95	0.568244	0.5052
1.95	0.95	0.16407	0.929448
2.05	0.95	-0.15759	2.34008
2.15	0.95	-0.237159	2.21558
2.25	0.95	-0.148012	1.96889
2.35	0.95	-0.0514132	1.84068
2.45	0.95	0	0
0.05	1.05	0	0
0.15	1.05	0.0814816	2.14278
0.25	1.05	0.229733	2.31133
0.35	1.05	0.322888	2.66371
0.45	1.05	0.224709	2.61049
0.55	1.05	-0.0430611	1.0968
0.65	1.05	-0.312715	-0.628978
0.75	1.05	0.0426114	-1.58482
0.85	1.05	0.378201	-1.0332
0.95	1.05	0.130279	-0.910449
1.05	1.05	-0.0126824	-2.07108
1.15	1.05	-0.0480185	-2.79356
1.25	1.05	-0.0297457	-2.8349
1.35	1.05	-0.024079	-2.88871
1.45	1.05	-0.123266	-2.31559
1.55	1.05	-0.362098	-1.21198
1.65	1.05	-0.48102	-1.56322
1.75	1.05	-0.211893	-1.19055
1.85	1.05	0.0555387	0.685499
1.95	1.05	-0.249355	1.45822
2.05	1.05	-0.578557	2.46217
2.15	1.05	-0.509112	2.10361
2.25	1.05	-0.339184	1.82179
2.35	1.05	-0.118631	1.67064
2.45	1.05	0	0
0.05	1.15	0	0
0.15	1.15	0.173109	1.88819
0.25	1.15	0.517743	2.07303
0.35	1.15	0.812772	2.51382
0.45	1.15	0.900572	2.77076
0.55	1.15	0.62843	1.47645
0.65	1.15	0.405678	-0.516218
0.75	1.15	0.528308	-2.17554
0.85	1.15	0.27209	-0.521855
0.95	1.15	-0.0567478	-0.845035
1.05	1.15	-0.0361038	-2.01418
1.15	1.15	-0.0536377	-2.7976
1.25	1.15	-0.0748062	-2.82797
1.35	1.15	-0.119745	-2.85637
1.45	1.15	-0.185127	-2.18336
1.55	1.15	-0.254338	-1.03617
1.65	1.15	-0.424693	-1.44976
1.75	1.15	-0.706425	-1.2914
1.85	1.15	-0.747408	0.559905
1.95	1.15	-0.928848	2.07014
2.05	1.15	-1.10619	2.35679
2.15	1.15	-0.879546	1.9129
2.25	1.15	-0.58098	1.544
2.35	1.15	-0.202557	1.34945
2.45	1.15	0	0
0.05	1.25	0	0
0.15	1.25	0.26632	1.44877
0.25	1.25	0.85536	1.57879
0.35	1.25	1.29552	2.27287
0.45	1.25	1.59985	2.61958
0.55	1.25	1.41339	2.08623
0.65	1.25	1.06445	-0.554299
0.75	1.25	0.534893	-1.73053
0.85	1.25	0.00552297	-0.181277
0.95	1.25	0.0371308	-0.888383
1.05	1.25	0.0364603	-1.9908
1.15	1.25	-0.0076509	-2.75933
1.25	1.25	-0.0991644	-2.75356
1.35	1.25	-0.214346	-2.77066
1.45	1.25	-0.252626	-2.16541
1.55	1.25	-0.126231	-1.1113
1.65	1.25	-0.238278	-1.09222
1.75	1.25	-0.945352	-0.660136
1.85	1.25	-1.70472	0.728991
1.95	1.25	-1.72844	2.10621
2.05	1.25	-1.36233	2.13196
2.15	1.25	-1.0827	1.63146
2.25	1.25	-0.743587	1.18776
2.35	1.25	-0.281603	0.865289
2.45	1.25	0	0
0.05	1.35	0	0
0.15	1.35	0.546067	0.636379
0.25	1.35	1.25688	1.09132
0.35	1.35	1.55594	2.02112
0.45	1.35	1.83532	2.28763
0.55	1.35	2.12785	2.3121
0.65	1.35	1.69622	0.00040555
0.75	1.35	0.591163	-0.650622
0.85	1.35	0.1263	-0.266951
0.95	1.35	0.190092	-0.898108
1.05	1.35	0.204752	-1.99507
1.15	1.35	0.116255	-2.62245
1.25	1.35	-0.098286	-2.58438
1.35	1.35	-0.346457	-2.57649
1.45	1.35	-0.472139	-2.19562
1.55	1.35	-0.509626	-1.17
1.65	1.35	-0.725819	-0.705286
1.75	1.35	-1.25952	0.193707
1.85	1.35	-1.65798	1.03297
1.95	1.35	-1.54297	1.71094
2.05	1.35	-1.22171	1.83986
2.15	1.35	-0.916832	1.33906
2.25	1.35	-0.683999	0.908216
2.35	1.35	-0.292418	0.291267
2.45	1.35	0	0
0.05	1.45	0	0
0.15	1.45	0.236116	-0.145805
0.25	1.45	0.718964	0.679843
0.35	1.45	1.10602	1.74648
0.45	1.45	1.37776	2.01114
0.55	1.45	1.70559	1.96823
0.65	1.45	1.67962	0.801886
0.75	1.45	1.18798	0.144596
0.85	1.45	0.750075	-0.159405
0.95	1.45	0.547212	-0.866583
1.05	1.45	0.454058	-1.9481
1.15	1.45	0.245043	-2.37191
1.25	1.45	-0.0593478	-2.31599
1.35	1.45	-0.406075	-2.24997
1.45	1.45	-0.709754	-2.09277
1.55	1.45	-0.879727	-1.06539
1.65	1.45	-1.12859	-0.344846
1.75	1.45	-1.3509	0.58928
1.85	1.45	-1.35775	1.04271
1.95	1.45	-1.21606	1.4445
2.05	1.45	-0.933624	1.50261
2.15	1.45	-0.656848	1.09465
2.25	1.45	-0.379294	0.642229
2.35	1.45	-0.106233	-0.107385
2.45	1.45	0	0
0.05	1.55	0	0
0.15	1.55	-0.0628015	-0.319119
0.25	1.55	0.170615	0.136892
0.35	1.55	0.62935	1.44364
0.45	1.55	0.944799	1.72679
0.55	1.55	1.21466	1.65489
0.65	1.55	1.30774	1.04812
0.75	1.55	1.20691	0.490836
0.85	1.55	1.09597	0.0432009
0.95	1.55	0.965477	-0.735832
1.05	1.55	0.758995	-1.77921
1.15	1.55	0.421347	-1.99413
1.25	1.55	0.00122034	-1.96925
1.35	1.55	-0.417084	-1.83168
1.45	1.55	-0.896054	-1.72842
1.55	1.55	-1.19004	-0.965779
1.65	1.55	-1.26439	-0.121249
1.75	1.55	-1.23228	0.555887
1.85	1.55	-1.09246	0.94314
1.95	1.55	-0.899145	1.20906
2.05	1.55	-0.626539	1.18301
2.15	1.55	-0.320359	0.831293
2.25	1.55	0.0108763	0.2968
2.35	1.55	0.0947391	-0.118879
2.45	1.55	0	0
0.05	1.65	0	0
0.15	1.65	-0.0445449	-0.211773
0.25	1.65	-0.113753	-0.134663
0.35	1.65	0.104389	1.03832
0.45	1.65	0.521087	1.39996
0.55	1.65	0.831621	1.40132
0.65	1.65	1.01646	1.02377
0.75	1.65	1.07186	0.560601
0.85	1.65	1.09093	0.0653118
0.95	1.65	1.11867	-0.65519
1.05	1.65	0.918741	-1.45345
1.15	1.65	0.476864	-1.54037
1.25	1.65	0.0194997	-1.54552
1.35	1.65	-0.40882	-1.40879
1.45	1.65	-0.82245	-1.25871
1.55	1.65	-1.13129	-0.832657
1.65	1.65	-1.16387	-0.147449
1.75	1.65	-1.02166	0.40777
1.85	1.65	-0.840248	0.770031
1.95	1.65	-0.609795	0.958396
2.05	1.65	-0.313218	0.864489
2.15	1.65	0.0152669	0.51515
2.25	1.65	0.152387	0.144588
2.35	1.65	0.0629981	0.0388588
2.45	1.65	0	0
0.05	1.75	0	0
0.15	1.75	-0.0722565	-0.0949713
0.25	1.75	-0.210156	-0.0443569
0.35	1.75	-0.0895395	0.609259
0.45	1.75	0.261058	1.06173
0.55	1.75	0.568467	1.1216
0.65	1.75	0.802552	0.884566
0.75	1.75	0.95505	0.491904
0.85	1.75	1.0685	0.00149304
0.95	1.75	1.07598	-0.626594
1.05	1.75	0.828882	-1.03502
1.15	1.75	0.438569	-1.12661
1.25	1.75	0.0707691	-1.13412
1.35	1.75	-0.272758	-1.04834
1.45	1.75	-0.586779	-0.891505
1.55	1.75	-0.852623	-0.625178
1.65	1.75	-0.97384	-0.201133
1.75	1.75	-0.887949	0.233348
1.85	1.75	-0.669345	0.544442
1.95	1.75	-0.385063	0.66925
2.05	1.75	-0.091053	0.563047
2.15	1.75	0.0692155	0.327839
2.25	1.75	0.0749458	0.189048
2.35	1.75	0.0284377	0.130295
2.45	1.75	0	0
0.05	1.85	0	0
0.15	1.85	-0.0502562	0.0275414
0.25	1.85	-0.158854	0.0796271
0.35	1.85	-0.151378	0.357183
0.45	1.85	0.086505	0.725328
0.55	1.85	0.40576	0.831343
0.65	1.85	0.671554	0.67495
0.75	1.85	0.880636	0.339939
0.85	1.85	0.991051	-0.0704055
0.95	1.85	0.903634	-0.47476
1.05	1.85	0.658014	-0.694135
1.15	1.85	0.377761	-0.796925
1.25	1.85	0.0977658	-0.816011
1.35	1.85	-0.166204	-0.758957
1.45	1.85	-0.399286	-0.633788
1.55	1.85	-0.579749	-0.436588
1.65	1.85	-0.672056	-0.176198
1.75	1.85	-0.647482	0.0979476
1.85	1.85	-0.506744	0.3205
1.95	1.85	-0.304646	0.406812
2.05	1.85	-0.13231	0.359139
2.15	1.85	-0.0343873	0.273554
2.25	1.85	0.0022932	0.200922
2.35	1.85	0.00424499	0.162978
2.45	1.85	0	0
0.05	1.95	0	0
0.15	1.95	-0.0201708	0.0979685
0.25	1.95	-0.0520696	0.149696
0.35	1.95	-0.0427062	0.270275
0.45	1.95	0.0756294	0.456018
0.55	1.95	0.313881	0.543146
0.65	1.95	0.570216	0.441018
0.75	1.95	0.733403	0.201603
0.85	1.95	0.761389	-0.0704705
0.95	1.95	0.674666	-0.300555
1.05	1.95	0.51425	-0.462304
1.15	1.95	0.316693	-0.550944
1.25	1.95	0.108737	-0.574041
1.35	1.95	-0.0905357	-0.537684
1.45	1.95	-0.264411	-0.448104
1.55	1.95	-0.395033	-0.311187
1.65	1.95	-0.463229	-0.141096
1.75	1.95	-0.457214	0.0322548
1.85	1.95	-0.382992	0.171234
1.95	1.95	-0.270446	0.241435
2.05	1.95	-0.161733	0.243468
2.15	1.95	-0.0828749	0.212445
2.25	1.95	-0.0356306	0.178106
2.35	1.95	-0.0095059	0.157717
2.45	1.95	0	0
0.05	2.05	0	0
0.15	2.05	0.00147149	0.116668
0.25	2.05	0.0134525	0.150915
0.35	2.05	0.0559685	0.217177
0.45	2.05	0.152108	0.294641
0.55	2.05	0.297339	0.321041
0.65	2.05	0.446019	0.258108
0.75	2.05	0.545259	0.122086
0.85	2.05	0.567665	-0.0413463
0.95	2.05	0.515597	-0.190889
1.05	2.05	0.407626	-0.303583
1.15	2.05	0.266024	-0.370506
1.25	2.05	0.111026	-0.391525
1.35	2.05	-0.040266	-0.369635
1.45	2.05	-0.172789	-0.309755
1.55	2.05	-0.272742	-0.218961
1.65	2.05	-0.328614	-0.109252
1.75	2.05	-0.335152	0.000933702
1.85	2.05	-0.297563	0.0907441
1.95	2.05	-0.232412	0.144228
2.05	2.05	-0.161301	0.160851
2.15	2.05	-0.0997489	0.154652
2.25	2.05	-0.0524349	0.141341
2.35	2.05	-0.016144	0.132067
2.45	2.05	0	0
0.05	2.15	0	0
0.15	2.15	0.0140757	0.101121
0.25	2.15	0.0484394	0.120117
0.35	2.15	0.10102	0.152877
0.45	2.15	0.179494	0.184328
0.55	2.15	0.277347	0.18827
0.65	2.15	0.371261	0.148285
0.75	2.15	0.433949	0.0699804
0.85	2.15	0.448414	-0.0261121
0.95	2.15	0.41243	-0.118071
1.05	2.15	0.334632	-0.190632
1.15	2.15	0.228751	-0.235974
1.25	2.15	0.109608	-0.251917
1.35	2.15	-0.00876553	-0.239578
1.45	2.15	-0.113737	-0.202318
1.55	2.15	-0.194531	-0.145651
1.65	2.15	-0.243334	-0.0778864
1.75	2.15	-0.257217	-0.010012
1.85	2.15	-0.239698	0.0465818
1.95	2.15	-0.200339	0.0838809
2.05	2.15	-0.151308	0.101055
2.15	2.15	-0.102385	0.103973
2.25	2.15	-0.0582161	0.100537
2.35	2.15	-0.0187795	0.0971432
2.45	2.15	0	0
0.05	2.25	0	0
0.15	2.25	0.0204679	0.066577
0.25	2.25	0.0652092	0.0755558
0.35	2.25	0.120179	0.0898879
0.45	2.25	0.1875	0.101523
0.55	2.25	0.261296	0.0994259
0.65	2.25	0.327729	0.0767836
0.75	2.25	0.370861	0.0356619
0.85	2.25	0.379614	-0.0150116
0.95	2.25	0.351077	-0.0646498
1.05	2.25	0.289722	-0.104901
1.15	2.25	0.204739	-0.13084
1.25	2.25	0.107422	-0.14059
1.35	2.25	0.00933243	-0.134442
1.45	2.25	-0.0788618	-0.114289
1.55	2.25	-0.14831	-0.0834381
1.65	2.25	-0.192975	-0.0466301
1.75	2.25	-0.210684	-0.00967717
1.85	2.25	-0.203671	0.0217141
1.95	2.25	-0.177939	0.0436594
2.05	2.25	-0.141208	0.0555138
2.15	2.25	-0.100267	0.0596491
2.25	2.25	-0.0592648	0.0596907
2.35	2.25	-0.0195376	0.058826
2.45	2.25	0	0
0.05	2.35	0	0
0.15	2.35	0.0230545	0.0230545
0.25	2.35	0.0717502	0.0256411
0.35	2.35	0.126987	0.0295955
0.45	2.35	0.189032	0.032449
0.55	2.35	0.252608	0.0311271
0.65	2.35	0.307496	0.0237612
0.75	2.35	0.342153	0.0108953
0.85	2.35	0.348102	-0.00494638
0.95	2.35	0.32254	-0.0206157
1.05	2.35	0.268441	-0.0334826
1.15	2.35	0.193062	-0.0418963
1.25	2.35	0.106006	-0.0451594
1.35	2.35	0.0175353	-0.0433115
1.45	2.35	-0.0627327	-0.0369564
1.55	2.35	-0.126872	-0.0271826
1.65	2.35	-0.169573	-0.0155186
1.75	2.35	-0.188872	-0.00378066
1.85	2.35	-0.186361	0.0062924
1.95	2.35	-0.166539	0.0135288
2.05	2.35	-0.135318	0.0176921
2.15	2.35	-0.0982079	0.0194183
2.25	2.35	-0.0590389	0.0197506
2.35	2.35	-0.0196441	0.0196441
2.45	2.35	0	0
0.05	2.45	0	0
0.15	2.45	0	0
0.25	2.45	0	0
0.35	2.45	0	0
0.45	2.45	0	0
0.55	2.45	0	0
0.65	2.45	0	0
0.75	2.45	0	0
0.85	2.45	0	0
0.95	2.45	0	0
1.05	2.45	0	0
1.15	2.45	0	0
1.25	2.45	0	0
1.35	2.45	0	0
1.45	2.45	0	0
1.55	2.45	0	0
1.65	2.45	0	0
1.75	2.45	0	0
1.85	2.45	0	0
1.95	2.45	0	0
2.05	2.45	0	0
2.15	2.45	0	0
2.25	2.45	0	0
2.35	2.45	0	0
2.45	2.45	0	0
#BLOCK HEADER time:1.5
#x	y	u	v

0.05	0.05	0	0
0.15	0.05	0	0
0.25	0.05	0	0
0.35	0.05	0	0
0.45	0.05	0	0
0.55	0.05	0	0
0.65	0.05	0	0
0.75	0.05	0	0
0.85	0.05	0	0
0.95	0.05	0	0
1.05	0.05	0	0
1.15	0.05	0	0
1.25	0.05	0	0
1.35	0.05	0	0
1.45	0.05	0	0
1.55	0.05	0	0
1.65	0.05	0	0
1.75	0.05	0	0
1.85	0.05	0	0
1.95	0.05	0	0
2.05	0.05	0	0
2.15	0.05	0	0
2.25	0.05	0	0
2.35	0.05	0	0
2.45	0.05	0	0
0.05	0.15	0	0
0.15	0.15	-0.324047	0.324047
0.25	0.15	-0.969255	0.321161
0.35	0.15	-1.55363	0.263209
0.45	0.15	-1.92549	0.108654
0.55	0.15	-2.04882	0.0146823
0.65	0.15	-2.01939	-0.0441199
0.75	0.15	-1.88162	-0.0936468
0.85	0.15	-1.65293	-0.135047
0.95	0.15	-1.35609	-0.161788
1.05	0.15	-0.994724	-0.19958
1.15	0.15	-0.556906	-0.238239
1.25	0.15	-0.0508713	-0.267796
1.35	0.15	0.475434	-0.25851
1.45	0.15	0.985617	-0.251673
1.55	0.15	1.4401	-0.202815
1.65	0.15	1.76388	-0.12096
1.75	0.15	1.9758	-0.0909659
1.85	0.15	2.08743	-0.0206585
1.95	0.15	2.07567	0.0324163
2.05	0.15	1.92512	0.118131
2.15	0.15	1.60029	0.206699
2.25	0.15	1.04191	0.351688
2.35	0.15	0.345107	0.345108
2.45	0.15	0	0
0.05	0.25	0	0
0.15	0.25	-0.326933	0.975026
0.25	0.25	-0.982746	0.971203
0.35	0.25	-1.45525	0.670047
0.45	0.25	-1.67181	0.290236
0.55	0.25	-1.75531	0.0399388
0.65	0.25	-1.74943	-0.104704
0.75	0.25	-1.67314	-0.247113
0.85	0.25	-1.50401	-0.379407
0.95	0.25	-1.22628	-0.491988
1.05	0.25	-0.853394	-0.603638
1.15	0.25	-0.440465	-0.684929
1.25	0.25	-0.0192028	-0.748402
1.35	0.25	0.450483	-0.773895
1.45	0.25	0.91613	-0.712116
1.55	0.25	1.28792	-0.568645
1.65	0.25	1.57417	-0.365157
1.75	0.25	1.74474	-0.229268
1.85	0.25	1.79613	-0.0453648
1.95	0.25	1.75661	0.108396
2.05	0.25	1.60797	0.341347
2.15	0.25	1.38434	0.531935
2.25	0.25	0.963971	1.00521
2.35	0.25	0.331066	1.02128
2.45	0.25	0	0
0.05	0.35	0	0
0.15	0.35	-0.308963	1.61092
0.25	0.35	-0.848452	1.53061
0.35	0.35	-1.18033	0.915028
0.45	0.35	-1.37059	0.452072
0.55	0.35	-1.47156	0.0625756
0.65	0.35	-1.47057	-0.134218
0.75	0.35	-1.43126	-0.333191
0.85	0.35	-1.32665	-0.567069
0.95	0.35	-1.10871	-0.799998
1.05	0.35	-0.788292	-0.988929
1.15	0.35	-0.395163	-1.1057
1.25	0.35	0.0233048	-1.16736
1.35	0.35	0.462236	-1.26355
1.45	0.35	0.888483	-1.11436
1.55	0.35	1.21779	-0.867501
1.65	0.35	1.41814	-0.552905
1.75	0.35	1.4813	-0.275255
1.85	0.35	1.46456	-0.0340206
1.95	0.35	1.41119	0.189938
2.05	0.35	1.32011	0.499537
2.15	0.35	1.1118	0.805672
2.25	0.35	0.762491	1.50116
2.35	0.35	0.284189	1.63654
2.45	0.35	0	0
0.05	0.45	0	0
0.15	0.45	-0.27756	2.19745
0.25	0.45	-0.703806	1.90982
0.35	0.45	-0.959292	1.12318
0.45	0.45	-1.10507	0.579955
0.55	0.45	-1.19599	0.126579
0.65	0.45	-1.21111	-0.184087
0.75	0.45	-1.15823	-0.375511
0.85	0.45	-1.17174	-0.615849
0.95	0.45	-1.09644	-1.04447
1.05	0.45	-0.79708	-1.36423
1.15	0.45	-0.388446	-1.53216
1.25	0.45	0.0450185	-1.59283
1.35	0.45	0.497321	-1.72931
1.45	0.45	0.949156	-1.52667
1.55	0.45	1.19315	-1.02848
1.65	0.45	1.2008	-0.599926
1.75	0.45	1.22614	-0.316733
1.85	0.45	1.26017	-0.00983424
1.95	0.45	1.1539	0.325392
2.05	0.45	1.01213	0.596938
2.15	0.45	0.889105	1.0396
2.25	0.45	0.615383	1.89026
2.35	0.45	0.210196	2.13093
2.45	0.45	0	0
0.05	0.55	0	0
0.15	0.55	-0.213635	2.68864
0.25	0.55	-0.611206	2.24244
0.35	0.55	-0.851344	1.28618
0.45	0.55	-1.0463	0.757691
0.55	0.55	-1.23836	0.231823
0.65	0.55	-1.13408	-0.378496
0.75	0.55	-0.833538	-0.534519
0.85	0.55	-0.675034	-0.601836
0.95	0.55	-0.827966	-0.980853
1.05	0.55	-0.810368	-1.7448
1.15	0.55	-0.410047	-1.96054
1.25	0.55	0.0333693	-2.04133
1.35	0.55	0.510002	-2.20975
1.45	0.55	0.865164	-1.85323
1.55	0.55	0.862648	-0.943403
1.65	0.55	0.819526	-0.649538
1.75	0.55	1.07198	-0.544915
1.85	0.55	1.29223	-0.0359382
1.95	0.55	1.16877	0.581233
2.05	0.55	0.892037	0.759597
2.15	0.55	0.680279	1.21173
2.25	0.55	0.464134	2.208
2.35	0.55	0.170691	2.51181
2.45	0.55	0	0
0.05	0.65	0	0
0.15	0.65	-0.140744	3.04302
0.25	0.65	-0.498855	2.64374
0.35	0.65	-0.865732	1.49189
0.45	0.65	-1.19978	1.08099
0.55	0.65	-1.30404	0.204856
0.65	0.65	-1.07912	-0.680743
0.75	0.65	-0.661656	-0.950275
0.85	0.65	-0.245291	-0.760949
0.95	0.65	-0.331291	-0.582808
1.05	0.65	-0.621417	-1.87032
1.15	0.65	-0.448211	-2.40856
1.25	0.65	0.0050717	-2.49002
1.35	0.65	0.449603	-2.68223
1.45	0.65	0.588956	-1.87527
1.55	0.65	0.333861	-0.663755
1.65	0.65	0.540982	-1.09318
1.75	0.65	1.01562	-0.828361
1.85	0.65	1.17725	-0.134374
1.95	0.65	1.13054	0.849843
2.05	0.65	0.843534	1.05472
2.15	0.65	0.588519	1.38338
2.25	0.65	0.361511	2.47951
2.35	0.65	0.106377	2.78888
2.45	0.65	0	0
0.05	0.75	0	0
0.15	0.75	-0.131307	3.31507
0.25	0.75	-0.413427	3.01192
0.35	0.75	-0.773179	1.85034
0.45	0.75	-1.10915	1.39256
0.55	0.75	-1.14868	0.037081
0.65	0.75	-0.911115	-0.975458
0.75	0.75	-0.53752	-1.44662
0.85	0.75	-0.0755808	-1.14291
0.95	0.75	-0.045986	-0.144442
1.05	0.75	-0.481286	-1.58326
1.15	0.75	-0.457146	-2.89296
1.25	0.75	-0.0247426	-2.8913
1.35	0.75	0.380157	-3.13038
1.45	0.75	0.535615	-1.72193
1.55	0.75	0.356511	-0.382895
1.65	0.75	0.457248	-1.6819
1.75	0.75	0.730613	-0.987644
1.85	0.75	0.886553	-0.292661
1.95	0.75	0.957248	0.984142
2.05	0.75	0.777854	1.38683
2.15	0.75	0.501117	1.58303
2.25	0.75	0.212935	2.79505
2.35	0.75	0.0230749	2.91833
2.45	0.75	0	0
0.05	0.85	0	0
0.15	0.85	-0.0396557	3.48603
0.25	0.85	-0.198746	3.28217
0.35	0.85	-0.443379	2.18448
0.45	0.85	-0.814313	1.76533
0.55	0.85	-1.02564	-0.0848356
0.65	0.85	-0.761427	-1.35532
0.75	0.85	-0.334871	-1.86691
0.85	0.85	-0.10062	-1.41881
0.95	0.85	-0.134441	0.135682
1.05	0.85	-0.35835	-1.20418
1.15	0.85	-0.340585	-3.31395
1.25	0.85	-0.0231101	-3.22019
1.35	0.85	0.243211	-3.47271
1.45	0.85	0.345646	-1.6375
1.55	0.85	0.323794	-0.266375
1.65	0.85	0.421403	-1.99677
1.75	0.85	0.531608	-1.05635
1.85	0.85	0.595102	-0.443391
1.95	0.85	0.59752	1.06176
2.05	0.85	0.448432	1.63769
2.15	0.85	0.194461	1.86287
2.25	0.85	-0.00595186	3.0038
2.35	0.85	-0.0239592	2.91745
2.45	0.85	0	0
0.05	0.95	0	0
0.15	0.95	0.0691693	3.45652
0.25	0.95	0.0906734	3.44927
0.35	0.95	-0.071408	2.42409
0.45	0.95	-0.392042	2.21728
0.55	0.95	-0.558183	-0.159323
0.65	0.95	-0.440859	-1.66237
0.75	0.95	-0.234864	-2.19241
0.85	0.95	0.0145657	-1.57698
0.95	0.95	0.0568765	0.285368
1.05	0.95	-0.0718721	-1.0012
1.15	0.95	-0.115009	-3.49155
1.25	0.95	-0.00966227	-3.46541
1.35	0.95	0.116371	-3.61984
1.45	0.95	0.0188375	-1.49527
1.55	0.95	-0.110551	-0.257365
1.65	0.95	0.195136	-2.40908
1.75	0.95	0.455532	-1.01464
1.85	0.95	0.226362	-0.319422
1.95	0.95	0.091804	1.06993
2.05	0.95	0.0282061	1.8422
2.15	0.95	-0.200112	2.14064
2.25	0.95	-0.259812	2.98614
2.35	0.95	-0.100092	2.7934
2.45	0.95	0	0
0.05	1.05	0	0
0.15	1.05	0.201786	3.18557
0.25	1.05	0.52298	3.37753
0.35	1.05	0.472661	2.70824
0.45	1.05	0.226839	2.49959
0.55	1.05	0.0373936	-0.0860486
0.65	1.05	-0.209722	-1.60585
0.75	1.05	0.136773	-2.80142
0.85	1.05	0.192771	-1.2734
0.95	1.05	-0.231987	0.364235
1.05	1.05	-0.218404	-0.964906
1.15	1.05	-0.166248	-3.53686
1.25	1.05	-0.0844403	-3.60725
1.35	1.05	-0.0173477	-3.67113
1.45	1.05	-0.0355309	-1.32826
1.55	1.05	-0.149328	-0.181184
1.65	1.05	-0.333109	-2.60716
1.75	1.05	-0.21754	-1.19252
1.85	1.05	-0.142756	0.0128445
1.95	1.05	-0.327278	1.05675
2.05	1.05	-0.478381	2.07009
2.15	1.05	-0.743781	2.40648
2.25	1.05	-0.661836	2.69806
2.35	1.05	-0.216692	2.47661
2.45	1.05	0	0
0.05	1.15	0	0
0.15	1.15	0.346202	2.63758
0.25	1.15	1.01723	2.9333
0.35	1.15	1.26842	2.9516
0.45	1.15	1.1075	2.66298
0.55	1.15	0.718121	0.329387
0.65	1.15	0.475826	-1.53187
0.75	1.15	0.523232	-3.2693
0.85	1.15	-0.148364	-0.18993
0.95	1.15	-0.605797	0.162953
1.05	1.15	-0.329782	-1.05322
1.15	1.15	-0.212643	-3.61784
1.25	1.15	-0.150366	-3.67036
1.35	1.15	-0.118635	-3.70685
1.45	1.15	-0.086108	-1.30689
1.55	1.15	-0.0560075	-0.118861
1.65	1.15	-0.321274	-2.22044
1.75	1.15	-0.632746	-1.38334
1.85	1.15	-0.675654	0.171791
1.95	1.15	-0.934107	1.34077
2.05	1.15	-1.3456	2.34866
2.15	1.15	-1.36707	2.41477
2.25	1.15	-0.935965	2.17671
2.35	1.15	-0.321533	1.93839
2.45	1.15	0	0
0.05	1.25	0	0
0.15	1.25	0.504749	1.78663
0.25	1.25	1.44171	2.17626
0.35	1.25	2.02199	2.87716
0.45	1.25	2.18842	2.73191
0.55	1.25	1.63694	1.2013
0.65	1.25	0.982571	-1.50712
0.75	1.25	0.209802	-2.56869
0.85	1.25	-0.473133	0.463986
0.95	1.25	-0.389385	-0.117278
1.05	1.25	-0.248053	-1.19034
1.15	1.25	-0.179778	-3.66614
1.25	1.25	-0.191686	-3.67242
1.35	1.25	-0.221805	-3.70639
1.45	1.25	-0.12256	-1.43912
1.55	1.25	0.221865	-0.361156
1.65	1.25	-0.0557586	-1.43525
1.75	1.25	-0.992779	-0.920037
1.85	1.25	-1.57308	0.331693
1.95	1.25	-1.8821	1.74835
2.05	1.25	-1.92472	2.39521
2.15	1.25	-1.59168	2.05665
2.25	1.25	-1.10932	1.62138
2.35	1.25	-0.423437	1.19342
2.45	1.25	0	0
0.05	1.35	0	0
0.15	1.35	0.889123	0.392756
0.25	1.35	1.99069	1.53161
0.35	1.35	2.34449	2.58773
0.45	1.35	2.59817	2.60124
0.55	1.35	2.57452	1.9071
0.65	1.35	1.64009	-0.624117
0.75	1.35	0.124545	-1.16338
0.85	1.35	-0.433979	0.300139
0.95	1.35	-0.203753	-0.267405
1.05	1.35	-0.0599931	-1.3253
1.15	1.35	-0.055224	-3.60422
1.25	1.35	-0.20905	-3.56861
1.35	1.35	-0.391413	-3.59772
1.45	1.35	-0.372175	-1.66627
1.55	1.35	-0.196388	-0.654216
1.65	1.35	-0.427326	-0.633632
1.75	1.35	-1.13859	-0.0733718
1.85	1.35	-1.82102	0.747761
1.95	1.35	-1.9849	1.80517
2.05	1.35	-1.7124	2.10851
2.15	1.35	-1.39111	1.689
2.25	1.35	-1.13858	1.25413
2.35	1.35	-0.516887	0.25309
2.45	1.35	0	0
0.05	1.45	0	0
0.15	1.45	0.280919	-0.777286
0.25	1.45	1.12901	0.751988
0.35	1.45	1.76248	2.38008
0.45	1.45	1.92877	2.38891
0.55	1.45	2.08548	1.98638
0.65	1.45	1.72226	0.594255
0.75	1.45	0.882149	-0.0260994
0.85	1.45	0.335736	0.267797
0.95	1.45	0.222776	-0.352329
1.05	1.45	0.231651	-1.39301
1.15	1.45	0.0935005	-3.40313
1.25	1.45	-0.192391	-3.32998
1.35	1.45	-0.537644	-3.30873
1.45	1.45	-0.679308	-1.83283
1.55	1.45	-0.651128	-0.691618
1.65	1.45	-0.885648	-0.130772
1.75	1.45	-1.28737	0.536758
1.85	1.45	-1.55014	1.08283
1.95	1.45	-1.54781	1.63166
2.05	1.45	-1.32977	1.79149
2.15	1.45	-1.09414	1.4491
2.25	1.45	-0.873612	1.02097
2.35	1.45	-0.372627	-0.636426
2.45	1.45	0	0
0.05	1.55	0	0
0.15	1.55	0.0270357	-1.08524
0.25	1.55	0.344233	-0.105352
0.35	1.55	0.855114	2.09308
0.45	1.55	1.22093	2.1438
0.55	1.55	1.4181	1.87762
0.65	1.55	1.33763	1.1467
0.75	1.55	1.00762	0.591587
0.85	1.55	0.790774	0.413366
0.95	1.55	0.698582	-0.292746
1.05	1.55	0.598679	-1.36157
1.15	1.55	0.330693	-3.02844
1.25	1.55	-0.137079	-2.95101
1.35	1.55	-0.646554	-2.83297
1.45	1.55	-0.958463	-1.85501
1.55	1.55	-1.02892	-0.627158
1.65	1.55	-1.13771	0.148084
1.75	1.55	-1.21749	0.739407
1.85	1.55	-1.22327	1.14872
1.95	1.55	-1.14401	1.48418
2.05	1.55	-0.950656	1.52758
2.15	1.55	-0.704782	1.23151
2.25	1.55	-0.217594	0.530845
2.35	1.55	0.0720881	-0.936965
2.45	1.55	0	0
0.05	1.65	0	0
0.15	1.65	0.0507342	-1.16301
0.25	1.65	-0.062729	-0.231317
0.35	1.65	0.114948	1.53049
0.45	1.65	0.641426	1.8141
0.55	1.65	0.926271	1.72531
0.65	1.65	1.01318	1.29256
0.75	1.65	0.94671	0.842215
0.85	1.65	0.8848	0.44149
0.95	1.65	0.880177	-0.224054
1.05	1.65	0.844487	-1.29467
1.15	1.65	0.512663	-2.49553
1.25	1.65	-0.0805301	-2.42296
1.35	1.65	-0.671821	-2.26026
1.45	1.65	-1.04272	-1.74491
1.55	1.65	-1.11081	-0.598721
1.65	1.65	-1.07603	0.193665
1.75	1.65	-1.02189	0.719462
1.85	1.65	-0.941033	1.09359
1.95	1.65	-0.80256	1.32157
2.05	1.65	-0.584257	1.27854
2.15	1.65	-0.288391	0.938818
2.25	1.65	0.11336	-0.065395
2.35	1.65	0.173914	-0.690963
2.45	1.65	0	0
0.05	1.75	0	0
0.15	1.75	-0.144801	-1.06894
0.25	1.75	-0.20369	-0.153032
0.35	1.75	0.0478113	1.02302
0.45	1.75	0.363408	1.47948
0.55	1.75	0.62656	1.51193
0.65	1.75	0.790069	1.25552
0.75	1.75	0.863146	0.872647
0.85	1.75	0.912824	0.42329
0.95	1.75	0.942994	-0.231402
1.05	1.75	0.910776	-1.21941
1.15	1.75	0.588901	-1.91709
1.25	1.75	0.0361509	-1.85546
1.35	1.75	-0.48294	-1.71738
1.45	1.75	-0.941878	-1.45795
1.55	1.75	-1.1055	-0.653979
1.65	1.75	-1.01145	0.1201
1.75	1.75	-0.897607	0.625041
1.85	1.75	-0.748678	0.958226
1.95	1.75	-0.539435	1.10921
2.05	1.75	-0.25335	0.986504
2.15	1.75	0.121203	0.56043
2.25	1.75	0.286375	-0.25393
2.35	1.75	0.120219	-0.396828
2.45	1.75	0	0
0.05	1.85	0	0
0.15	1.85	-0.180278	-0.743864
0.25	1.85	-0.296377	-0.303125
0.35	1.85	-0.101717	0.726955
0.45	1.85	0.181762	1.17648
0.55	1.85	0.453615	1.27993
0.65	1.85	0.658704	1.11892
0.75	1.85	0.806327	0.788544
0.85	1.85	0.914034	0.350008
0.95	1.85	0.996331	-0.270587
1.05	1.85	0.935981	-1.08766
1.15	1.85	0.591791	-1.38277
1.25	1.85	0.119173	-1.3644
1.35	1.85	-0.314265	-1.25591
1.45	1.85	-0.719216	-1.05554
1.55	1.85	-0.987851	-0.62414
1.65	1.85	-0.967919	-0.0237172
1.75	1.85	-0.785264	0.47236
1.85	1.85	-0.582471	0.759184
1.95	1.85	-0.327157	0.843694
2.05	1.85	-0.00816288	0.646942
2.15	1.85	0.26023	0.257046
2.25	1.85	0.262166	-0.117654
2.35	1.85	0.0859122	-0.190696
2.45	1.85	0	0
0.05	1.95	0	0
0.15	1.95	-0.13361	-0.429976
0.25	1.95	-0.350655	-0.283869
0.35	1.95	-0.26981	0.432194
0.45	1.95	0.050229	0.867721
0.55	1.95	0.339911	1.02715
0.65	1.95	0.581573	0.924952
0.75	1.95	0.782438	0.634029
0.85	1.95	0.937597	0.241657
0.95	1.95	1.02444	-0.331378
1.05	1.95	0.878631	-0.820703
1.15	1.95	0.523603	-0.950507
1.25	1.95	0.163015	-0.963461
1.35	1.95	-0.174078	-0.886317
1.45	1.95	-0.471488	-0.722769
1.55	1.95	-0.69786	-0.461902
1.65	1.95	-0.795462	-0.108285
1.75	1.95	-0.699808	0.278619
1.85	1.95	-0.456371	0.506696
1.95	1.95	-0.164318	0.548815
2.05	1.95	0.0738584	0.38465
2.15	1.95	0.163553	0.161249
2.25	1.95	0.130713	0.00904703
2.35	1.95	0.0471767	-0.0576072
2.45	1.95	0	0
0.05	2.05	0	0
0.15	2.05	-0.085645	-0.210721
0.25	2.05	-0.251976	-0.119749
0.35	2.05	-0.276607	0.211859
0.45	2.05	-0.0662802	0.557691
0.55	2.05	0.24346	0.737756
0.65	2.05	0.527861	0.688281
0.75	2.05	0.762316	0.43538
0.85	2.05	0.931965	0.115497
0.95	2.05	0.922191	-0.28229
1.05	2.05	0.720138	-0.521928
1.15	2.05	0.455004	-0.62912
1.25	2.05	0.183363	-0.652619
1.35	2.05	-0.0735734	-0.60313
1.45	2.05	-0.2948	-0.487319
1.55	2.05	-0.455002	-0.310778
1.65	2.05	-0.525211	-0.0915983
1.75	2.05	-0.485974	0.127041
1.85	2.05	-0.350188	0.279051
1.95	2.05	-0.176443	0.310662
2.05	2.05	-0.0355016	0.243685
2.15	2.05	0.0370194	0.139998
2.25	2.05	0.0466335	0.0535237
2.35	2.05	0.0192582	0.00882782
2.45	2.05	0	0
0.05	2.15	0	0
0.15	2.15	-0.0426388	-0.0824369
0.25	2.15	-0.111536	-0.0128049
0.35	2.15	-0.117988	0.135998
0.45	2.15	-0.014104	0.319341
0.55	2.15	0.204557	0.447705
0.65	2.15	0.470225	0.428263
0.75	2.15	0.672919	0.258248
0.85	2.15	0.752188	0.0437109
0.95	2.15	0.711377	-0.159919
1.05	2.15	0.578264	-0.309134
1.15	2.15	0.392912	-0.391427
1.25	2.15	0.189006	-0.414764
1.35	2.15	-0.00877847	-0.386265
1.45	2.15	-0.179137	-0.3126
1.55	2.15	-0.302139	-0.202295
1.65	2.15	-0.361024	-0.0709883
1.75	2.15	-0.348923	0.0550932
1.85	2.15	-0.277356	0.143646
1.95	2.15	-0.177725	0.172692
2.05	2.15	-0.0866232	0.149612
2.15	2.15	-0.0266079	0.101535
2.25	2.15	-0.000456988	0.0562217
2.35	2.15	0.002481	0.030567
2.45	2.15	0	0
0.05	2.25	0	0
0.15	2.25	-0.0160131	-0.023785
0.25	2.25	-0.0335407	0.0149678
0.35	2.25	-0.00708329	0.0882201
0.45	2.25	0.0843612	0.17179
0.55	2.25	0.235515	0.225442
0.65	2.25	0.406983	0.21339
0.75	2.25	0.542355	0.135055
0.85	2.25	0.603145	0.0268456
0.95	2.25	0.581106	-0.0802035
1.05	2.25	0.48863	-0.163261
1.15	2.25	0.349374	-0.212692
1.25	2.25	0.188526	-0.228745
1.35	2.25	0.0285908	-0.214564
1.45	2.25	-0.11083	-0.17452
1.55	2.25	-0.213391	-0.114812
1.65	2.25	-0.267823	-0.0451533
1.75	2.25	-0.271339	0.0206734
1.85	2.25	-0.232589	0.0677498
1.95	2.25	-0.170478	0.0868465
2.05	2.25	-0.106658	0.0805345
2.15	2.25	-0.0563706	0.0603096
2.25	2.25	-0.0243347	0.0392606
2.35	2.25	-0.00639626	0.0266518
2.45	2.25	0	0
0.05	2.35	0	0
0.15	2.35	-0.00388594	-0.00388594
0.25	2.35	0.000469275	0.00824116
0.35	2.35	0.0388344	0.0301239
0.45	2.35	0.123117	0.0541588
0.55	2.35	0.246156	0.0688801
0.65	2.35	0.379838	0.0648009
0.75	2.35	0.486374	0.041735
0.85	2.35	0.536929	0.00882022
0.95	2.35	0.52127	-0.0244795
1.05	2.35	0.445775	-0.0510146
1.15	2.35	0.327427	-0.0673332
1.25	2.35	0.187133	-0.0729607
1.35	2.35	0.0454462	-0.0687258
1.45	2.35	-0.079385	-0.0561052
1.55	2.35	-0.172771	-0.0372806
1.65	2.35	-0.225538	-0.0154859
1.75	2.35	-0.23602	0.00500402
1.85	2.35	-0.211183	0.0198327
1.95	2.35	-0.16494	0.0264099
2.05	2.35	-0.11316	0.0253704
2.15	2.35	-0.0678817	0.0199078
2.25	2.35	-0.0341147	0.0138592
2.35	2.35	-0.0101277	0.0101277
2.45	2.35	0	0
0.05	2.45	0	0
0.15	2.45	0	0
0.25	2.45	0	0
0.35	2.45	0	0
0.45	2.45	0	0
0.55	2.45	0	0
0.65	2.45	0	0
0.75	2.45	0	0
0.85	2.45	0	0
0.95	2.45	0	0
1.05	2.45	0	0
1.15	2.45	0	0
1.25	2.45	0	0
1.35	2.45	0	0
1.45	2.45	0	0
1.55	2.45	0	0
1.65	2.45	0	0
1.75	2.45	0	0
1.85	2.45	0	0
1.95	2.45	0	0
2.05	2.45	0	0
2.15	2.45	0	0
2.25	2.45	0	0
2.35	2.45	0	0
2.45	2.45	0	0
